###### EEPROM DATA INFORMATION ######
#@1:10     : AREA          : UPDATE 
#@2:00     : TYPE          : ROM 
#@3:0000   : START ADDRESS : 0x0000h 
#@4:1000   : DATA SIZE    : 0x1000h 
#####################################
      L0   L1   L2   L3   L4   L5   L6   L7   L8   L9   La   Lb   Lc   Ld   Le   Lf  
H000 0100,6150,616e,0000,0003,0172,0101,0000,1000,1016,201c,4017,080d,1000,1016,201c,
H001 4017,080d,9004,4006,0000,0000,0000,0000,0000,0000,0000,0000,0000,0000,0000,0000,
H002 0000,0000,0000,0000,0000,0000,0000,0000,0000,0000,0006,2222,2222,2222,2222,2222,
H003 2222,2f22,2f22,2f22,2222,2f22,0600,000c,0002,0000,0000,0000,0000,0000,0000,0100,
H004 0000,0100,0202,0202,0005,0100,0100,0606,0a00,0000,0006,0101,0002,0001,0001,0600,
H005 0000,0500,0109,0001,0100,0000,0100,0101,0101,0100,0000,0101,0002,0004,0000,0000,
H006 0004,0212,0002,0401,0000,0d0c,0e0e,0d0c,050e,0d0c,050e,0d0c,050e,0e0d,0c05,0e0d,
H007 0c05,0e0d,0c05,0e0d,0c05,0e0d,0c05,0e0d,0c05,0900,0301,0502,0035,0100,0100,0500,
H008 020b,4252,6b11,0000,0101,0000,0000,0504,0001,0100,0100,0001,0000,0001,010b,0000,
H009 0300,db01,ffff,01ff,0000,0012,000e,0013,0011,0000,0000,0200,0000,0030,0202,0202,
H00a 0202,0202,0202,0202,0202,0002,0000,0100,010a,0000,0000,0000,0000,0000,0c24,0000,
H00b 270f,6363,0000,270f,6363,0000,270f,6363,0000,0000,0000,0000,0000,0000,0000,0000,
H00c 0000,0000,0000,0000,0000,0000,0000,0000,0000,0000,0000,0000,0000,0000,0000,0000,
H00d 0000,0000,0000,0000,0000,0000,0000,0000,0000,0000,0000,0000,0000,0000,0000,0000,
H00e 0000,0000,0000,0000,0000,0000,0000,0000,0000,0000,0000,0000,0000,0000,0000,0000,
H00f 1b3d,1ac5,0115,0114,1b3d,1ac5,0115,0114,1b3d,1ac5,0115,0114,1b3d,1ac5,0115,0114,
H010 1111,0000,0000,0000,0000,0000,0000,0000,0000,0000,0020,0001,0814,0000,0000,0000,
H011 0000,0000,0530,1880,0000,0000,0000,0000,0000,0000,0000,0000,0000,0000,0000,0000,
H012 0000,0000,0000,0000,0000,0000,0000,0000,0000,0000,0000,0000,0000,0000,0000,0000,
H013 0000,0000,0000,0000,0000,0000,0000,0000,0000,0000,0000,0000,0000,0000,0000,0000,
H014 0000,0000,0000,0000,0000,0000,0000,0000,0000,0000,0000,0000,0000,0000,0000,0000,
H015 0000,0000,0000,0000,0000,0000,0000,0000,0000,0000,0000,0000,0000,0000,0000,0005,
H016 0002,0002,0012,0001,0000,0000,0001,0000,0001,0000,0000,0002,0000,0102,0001,0001,
H017 0000,0000,0001,0000,0001,0000,0000,0000,0000,0000,0001,0000,0000,0000,0001,0000,
H018 270f,270f,0000,6363,6363,0000,0000,0100,0001,0102,0001,0000,0101,0100,0000,0001,
H019 0000,0000,0001,0300,0203,0100,0200,0200,0301,0100,0200,0001,0000,0000,0000,0001,
H01a 0602,0102,0103,0001,0001,0000,1616,0000,0000,0000,0000,0000,0000,0000,0000,0000,
H01b 0000,0000,0000,0000,0000,0000,0000,0000,0000,0000,0000,0000,0000,0000,0000,0000,
H01c 0001,0018,0618,1529,0000,0000,0000,0000,0000,0000,0000,0000,0000,0000,0000,0000,
H01d 0005,0002,0000,0000,0000,0000,0000,0000,000f,0159,0011,00df,0000,0168,0000,00f0,
H01e 1101,1002,8e80,2b01,2b01,055d,0000,0608,0000,0000,0000,0031,0001,0030,0001,0003,
H01f 4000,0000,0000,0000,0000,0000,0000,0000,0000,0000,0000,0000,0000,0000,0000,0003,
H020 0000,0000,0000,0000,0000,0000,0000,0000,0000,0000,0000,0000,0000,0000,0000,0000,
H021 0000,0000,0000,0000,0000,0000,0000,0000,0000,0000,0000,0000,0000,0000,0000,0000,
H022 0000,0000,0000,0000,0000,0000,0000,0000,2222,0000,0000,0000,0000,0000,0000,0000,
H023 0000,0000,0000,0000,0000,0000,0000,0000,0000,0000,0000,0000,0000,0000,0000,0000,
H024 0000,0000,0000,0000,0000,0000,0000,0000,0000,0000,0000,0000,0000,0000,0000,0000,
H025 0000,0000,0000,0000,0000,0000,0000,0000,0000,0000,0000,0000,0000,0000,0000,0000,
H026 0000,0000,0000,0000,0000,0000,0000,0000,0000,0000,0000,0000,0000,0000,0000,0000,
H027 0000,0000,0000,0000,0000,0000,0000,0000,0000,0000,0000,0005,0000,0000,0000,00ff,
H028 0000,0000,0000,0000,0000,0000,0000,0000,0000,0000,0000,0000,0000,0000,0000,0000,
H029 2400,2400,2100,2400,0000,0000,0000,0000,0000,0000,0000,0000,0000,0000,0000,0000,
H02a 0000,0000,0000,0000,0000,0000,0000,0000,0000,0000,0000,0000,0000,0000,0000,0000,
H02b 0000,0000,0000,0000,0000,0000,0000,0000,0000,0000,0000,0000,0000,0000,0000,0000,
H02c 0000,0000,0000,0000,0000,0000,0000,0000,0000,0000,0000,0000,0000,0000,0000,0000,
H02d 0000,0000,0000,0000,0000,0000,0000,0000,0000,0000,0000,0000,0000,0000,0000,0000,
H02e 0000,0000,0000,0000,0000,0000,0000,0000,0000,0000,0000,0000,0000,0000,0000,0000,
H02f 0000,0000,0000,0000,0000,0000,0000,0000,0000,0000,0000,0000,0000,0000,0000,088e,
H030 036b,036d,036d,ff64,ff64,ff64,0000,0000,0000,0574,023c,0000,1800,0530,0001,0000,
H031 0000,0000,0000,0000,0000,0000,0000,036d,004e,0019,0019,0000,0001,0000,0000,000f,
H032 0000,0000,0000,036b,ff64,0000,0000,0000,0000,0000,0000,0000,0000,0000,0000,0000,
H033 003d,0000,0000,0000,0000,0080,0080,0000,0000,0000,0000,0000,4444,0005,0000,0004,
H034 7f6e,8058,0000,0000,0000,0000,0000,0000,0000,0000,0000,0000,0000,0000,0000,0f0f,
H035 0000,0000,0000,0000,0000,0000,0000,0000,0000,0000,0000,0000,0000,0000,0000,0000,
H036 0000,0000,0000,0000,0000,0000,0000,0000,0000,0000,0000,0000,0000,0000,0000,0000,
H037 0064,0146,0064,0000,3021,03e7,0384,0000,0000,0000,0001,0000,0000,0000,0000,0000,
H038 0000,0000,0000,0000,0000,0000,0000,0000,0000,0000,0000,0000,0000,0000,0000,0000,
H039 0e7a,0246,0ec8,01f2,0000,0035,0000,0000,0000,0000,0000,0000,0000,0000,0000,0000,
H03a 0064,0001,0000,0000,0000,0000,0000,0000,0000,0000,0000,0000,0000,0000,0000,0000,
H03b 0000,0000,0000,0000,0000,0000,0000,0000,0000,0000,0000,0000,0000,0000,0000,0000,
H03c 0000,0000,0000,0000,0000,0000,0000,0000,0000,0000,0000,0000,0000,0000,0000,0002,
H03d 0000,0000,0000,0000,0000,0000,0000,0000,0000,0000,0000,0000,0000,0000,0000,0000,
H03e 0000,0000,0000,0000,0000,0000,0000,0000,0000,0000,0000,0000,0000,0000,0000,0000,
H03f 2ab4,2c45,14d2,0000,0000,0000,0000,0000,0000,0000,0000,0000,0000,0000,0000,0000,
H040 0000,0000,0000,0000,0000,0000,0000,0000,0000,0000,0000,0000,0000,0000,0000,0000,
H041 0000,0000,0000,0000,0000,0000,0000,0000,0000,0000,0000,0000,0000,0000,0000,0000,
H042 0000,0000,0000,0000,0000,0000,0000,0000,0000,0000,0000,0000,0000,0000,0000,0000,
H043 0000,0000,0000,0000,0000,0000,0000,0000,0000,0000,0000,0000,0000,0000,0000,0000,
H044 0000,0000,0000,8888,0000,0000,0000,0000,0000,0000,0000,0000,0000,0000,0000,0000,
H045 0000,0000,0000,0000,0000,0000,0000,0000,0000,0000,0000,0000,0000,0000,0000,0000,
H046 0000,0000,0000,0000,0000,0000,0000,0000,0000,0000,0000,0000,0000,0000,0000,0000,
H047 0000,0000,0000,0000,0000,0000,0000,0000,0000,0000,0000,0000,0000,0000,0000,0000,
H048 0000,0000,0000,0000,0000,0000,0000,0000,0000,0000,0000,0000,0000,0000,0000,0000,
H049 0000,0000,0000,0000,0000,0000,0000,0000,0000,0000,0000,0000,0000,0000,0000,0000,
H04a 0000,0000,0000,0000,0000,0000,0000,0000,0000,0000,0000,0000,0000,0000,0000,0000,
H04b 0000,0000,0000,0000,0000,0000,0000,0000,0000,0000,0000,0000,0000,0000,0000,0000,
H04c 0000,0000,0000,0000,0000,0000,0000,0000,0000,0000,0000,0000,0000,0000,0000,0000,
H04d 0000,0000,0000,0000,0000,0000,0000,0000,0000,0000,0000,0000,0000,0000,0000,0000,
H04e 0000,0000,0000,0000,0000,0000,0000,0000,0000,0000,0000,0000,0000,0000,0000,0000,
H04f 0000,0000,0000,0000,0000,0000,0000,0000,0000,0000,0000,0000,0000,0000,0000,0000,
H050 0230,0000,0000,0000,0001,0000,0020,0004,0000,0000,0000,0001,0150,0000,019c,0000,
H051 0136,0136,013e,013d,0000,0000,0000,0000,0000,0000,0000,0000,0000,0000,0000,0000,
H052 0000,0000,0000,0000,0000,0000,0000,0000,0000,0000,0000,0000,0000,0000,0000,0001,
H053 0000,0000,0001,0000,0000,0000,0000,0000,0000,0000,0000,0000,0000,0000,0000,0000,
H054 0000,0000,0000,0000,0000,0000,0000,0000,0000,0000,0000,0000,0000,0000,0000,0000,
H055 01f4,0190,7fff,7fff,0000,03b6,000f,0000,001e,7fff,7fff,7fff,7fff,1234,0000,0000,
H056 0000,ffff,ffff,ffff,ffff,ffff,ffff,ffff,ffff,ffff,ffff,ffff,ffff,ffff,ffff,ffff,
H057 ffff,ffff,ffff,ffff,ffff,ffff,ffff,ffff,ffff,ffff,ffff,ffff,ffff,ffff,ffff,0000,
H058 ffff,ffff,ffff,ffff,ffff,ffff,ffff,ffff,ffff,ffff,ffff,ffff,ffff,ffff,ffff,ffff,
H059 ffff,ffff,ffff,ffff,ffff,ffff,ffff,ffff,ffff,ffff,ffff,ffff,ffff,ffff,0000,ffff,
H05a ffff,ffff,ffff,ffff,ffff,ffff,ffff,ffff,ffff,ffff,ffff,ffff,ffff,ffff,ffff,ffff,
H05b ffff,ffff,ffff,ffff,ffff,ffff,ffff,ffff,ffff,ffff,ffff,ffff,ffff,0000,0000,0000,
H05c 0000,0000,0000,0000,0000,0000,0000,0000,0000,0000,0000,0000,0000,0000,0000,0000,
H05d ffff,ffff,ffff,ffff,ffff,ffff,ffff,ffff,ffff,ffff,ffff,ffff,ffff,ffff,ffff,ffff,
H05e ffff,ffff,ffff,ffff,ffff,ffff,ffff,ffff,ffff,ffff,ffff,ffff,ffff,ffff,0064,012c,
H05f 01f4,02bc,7fff,7fff,7fff,7fff,0001,00c8,0190,0258,7fff,7fff,7fff,7fff,0000,0000,
H060 0002,0002,0002,0000,0000,0220,0220,0000,0000,0703,080c,0000,0000,0100,0000,0001,
H061 0000,0000,0002,0007,0002,0002,0001,0002,0402,0221,0011,0000,0000,0000,0001,0002,
H062 0002,0002,0000,0000,2222,0202,0000,0003,0002,0001,0002,0001,001c,0000,0003,0000,
H063 0020,0082,0082,0082,0001,0001,0001,0400,0400,0400,0004,0004,0004,0111,0000,0000,
H064 0000,0000,0000,0000,0000,0000,0000,0000,0000,0000,0000,0000,0000,0000,0000,0000,
H065 0000,0000,0000,0000,0000,0000,0000,0000,0000,0000,0000,0000,0000,0000,0000,0000,
H066 0000,0000,0002,0000,0000,0001,4321,0001,0000,0000,0000,0001,003c,014a,0145,0005,
H067 0001,000f,0000,0028,000f,0000,0028,0050,0000,0000,0000,0000,0000,0000,0000,0000,
H068 0040,0200,0000,0001,0202,0003,0000,0002,0000,0001,0002,000a,0000,0002,0002,0001,
H069 0010,0008,0003,0060,0010,0010,0060,002d,0028,00ff,003f,0000,0000,0000,0000,0000,
H06a 0019,0032,001e,003c,005a,0000,0000,0000,0000,0000,0000,0000,0000,0000,0000,0000,
H06b 0000,0000,0000,0000,0000,03eb,03eb,01f4,0000,0000,0000,0000,0000,0002,0000,0002,
H06c 0001,0001,0003,0004,0005,0000,d93a,0f2e,99a0,1ca3,dec4,20c4,0000,0800,0000,0800,
H06d 9ca3,1e45,db55,28b6,db55,2a39,d740,3777,d740,3777,0001,0000,0000,0000,0000,0000,
H06e 0000,0000,0000,0000,0000,0000,0000,0000,0000,0000,0000,0000,0000,0000,0000,0000,
H06f 0000,0000,0000,0000,0002,0003,0003,0000,0000,7530,0000,0000,0064,0043,0000,0000,
H070 0000,0000,0000,0000,0000,0000,0000,0000,0000,0000,0000,0000,0000,0000,0000,0000,
H071 0000,0000,0000,0000,0000,0000,0000,0000,0000,0000,0000,0000,0000,0000,0000,0000,
H072 0000,0000,0000,0000,0000,0000,0000,0000,0000,0000,0000,0000,0000,0000,0000,0000,
H073 0000,0000,0000,0000,0000,0000,0000,0000,0000,0000,0000,0000,0000,0000,0000,0000,
H074 0000,0000,0000,0000,0000,0000,0000,0000,0000,0000,0000,0000,0000,0000,0000,0000,
H075 0000,0000,0000,0000,0000,0000,0000,0000,0000,0000,0000,0000,0000,0000,0000,0000,
H076 0000,0000,0000,0000,0000,0000,0000,0000,0000,0000,0000,0000,0000,0000,0000,0000,
H077 0000,0000,aaaa,0000,0000,0000,0000,0000,0000,0000,0000,0000,0000,0000,0000,0000,
H078 0000,0000,0000,0000,0000,0000,0000,0000,0000,0000,0000,0000,0000,0000,0000,0000,
H079 0000,0000,0000,0000,0000,0000,0000,0000,0000,0000,0000,0000,0000,0000,0000,0000,
H07a 0000,0000,0000,0000,0000,0000,0000,0000,0000,0000,0000,0000,0000,0000,0000,0000,
H07b 0000,0000,0000,0000,0000,0000,0000,0000,0000,0000,0000,0000,0000,0000,0000,0000,
H07c 0000,0000,0000,0000,0000,0000,0000,0000,0000,0000,0000,0000,0000,0000,0000,0000,
H07d 0000,0000,0000,0000,0000,0000,0000,0000,0000,0000,0000,0000,0000,0000,0000,0000,
H07e 0000,0000,0000,0000,0000,0000,0000,0000,0000,0000,0000,0000,0000,0000,0000,0000,
H07f 0000,0000,0000,0000,0000,0000,0000,0000,0000,0000,0000,0000,0000,0000,0000,0000,
H080 0000,0000,0000,0000,0000,0000,0000,0000,0000,0000,0000,0000,0000,0000,0000,0000,
H081 0000,0000,0000,0000,0000,0000,0000,0000,0000,0000,0000,0000,0000,0000,0000,0000,
H082 0000,0000,0000,0000,0000,0000,0000,0000,0000,0000,0000,0000,0000,0000,0000,0000,
H083 0000,0000,0000,0000,0000,0000,0000,0000,0000,0000,0000,0000,0000,0000,0000,0000,
H084 0000,0000,0000,0000,0000,0000,0000,0000,0000,0000,0000,0000,0000,0000,0000,0000,
H085 0000,0000,0000,0000,0000,0000,0000,0000,0000,0000,0000,0000,0000,0000,0000,0000,
H086 0000,0000,0000,0000,0000,0000,0000,0000,0000,0000,0000,0000,0000,0000,0000,0000,
H087 0000,0000,0000,0000,0000,0000,0000,0000,0000,0000,0000,0000,0000,0000,0000,0000,
H088 0000,0000,0000,0000,0000,0000,0000,0000,0000,5555,0000,0000,0000,0000,0000,0000,
H089 0000,0000,0000,0000,0000,0000,0000,0000,0000,0000,0000,0000,0000,0000,0000,0000,
H08a 0000,0000,0000,0000,0000,0000,0000,0000,0000,0000,0000,0000,0000,0000,0000,0000,
H08b 0000,0000,0000,0000,0000,0000,0000,0000,0000,0000,0000,0000,0000,0000,0000,0000,
H08c 0000,0000,0000,0000,0000,0000,0000,0000,0000,0000,0000,0000,0000,0000,0000,0000,
H08d 0000,0000,0000,0000,0000,0000,0000,0000,0000,0000,0000,0000,0000,0000,0000,0000,
H08e 0000,0000,0000,0000,0000,0000,0000,0000,0000,0000,0000,0000,0000,0000,0000,0000,
H08f 0000,0000,0000,0000,0000,0000,0000,0000,0000,0000,0000,0000,0000,0000,0000,0000,
H090 0000,0000,0000,0000,0000,0000,0000,0000,0000,0000,0000,0000,0000,0000,0000,0000,
H091 0000,0000,0000,0000,0000,0000,0000,0000,0000,0000,0000,0000,0000,0000,0000,0000,
H092 0000,0000,0000,0000,0000,0000,0000,0000,0000,0000,0000,0000,0000,0000,0000,0000,
H093 0000,0000,0000,0000,0000,0000,0000,0000,0000,0000,0000,0000,0000,0000,0000,0000,
H094 0000,0000,0000,0000,0000,0000,0000,0000,0000,0000,0000,0000,0000,0000,0000,0000,
H095 0000,0000,0000,0000,0000,0000,0000,0000,0000,0000,0000,0000,0000,0000,0000,0000,
H096 0000,0000,0000,0000,0000,0000,0000,0000,0000,0000,0000,0000,0000,0000,0000,0000,
H097 0000,0000,0000,0000,0000,0000,0000,0000,0000,0000,0000,0000,0000,0000,0000,0000,
H098 0000,0000,0000,0000,0000,0000,0000,0000,0000,0000,0000,0000,0000,0000,0000,0000,
H099 0000,0000,0000,0000,0000,0000,0000,0000,0000,0000,0000,0000,0000,0000,3333,0000,
H09a 0000,0000,0000,0000,0000,0000,0000,0000,0000,0000,0000,0000,0000,0000,0000,0000,
H09b 0000,0000,0000,0000,0000,0000,0000,0000,0000,0000,0000,0000,0000,0000,0000,0000,
H09c 0000,0000,0000,0000,0000,0000,0000,0000,0000,0000,0000,0000,0000,0000,0000,0000,
H09d 0000,0000,0000,0000,0000,0000,0000,0000,0000,0000,0000,0000,0000,0000,0000,0000,
H09e 0000,0000,0000,0000,0000,0000,0000,0000,0000,0000,0000,0000,0000,0000,0000,0000,
H09f 0000,0000,0000,0000,0000,0000,0000,0000,0000,0000,0000,0000,0000,0000,0000,0000,
H0a0 0000,0000,0000,0000,0000,0000,0000,0000,0000,0000,0000,0000,0000,0000,0000,0000,
H0a1 0000,0000,0000,0000,0000,0000,0000,0000,0000,0000,0000,0000,0000,0000,0000,0000,
H0a2 0000,0000,0000,0000,0000,0000,0000,0000,0000,0000,0000,0000,0000,0000,0000,0000,
H0a3 0000,0000,0000,0000,0000,0000,0000,0000,0000,0000,0000,0000,0000,0000,0000,0000,
H0a4 0000,0000,0000,0000,0000,0000,0000,0000,0000,0000,0000,0000,0000,0000,0000,0000,
H0a5 0000,0000,0000,0000,0000,0000,0000,0000,0000,0000,0000,0000,0000,0000,0000,0000,
H0a6 0000,0000,0000,0000,0000,0000,0000,0000,0000,0000,0000,0000,0000,0000,0000,0000,
H0a7 0000,0000,0000,0000,0000,0000,0000,0000,0000,0000,0000,0000,0000,0000,0000,0000,
H0a8 0000,0000,0000,0000,0000,0000,0000,0000,0000,0000,0000,0000,0000,0000,0000,0000,
H0a9 0000,0000,0000,0000,0000,0000,0000,0000,0000,0000,0000,0000,0000,0000,0000,0000,
H0aa 0000,0000,0000,0000,0000,0000,0000,0000,0000,0000,0000,0000,0000,0000,0000,0000,
H0ab 0000,0000,0000,0000,0000,0000,0000,0000,0000,0000,0000,0000,0000,0000,0000,0000,
H0ac 0000,0000,0000,0000,0000,0000,0000,0000,0000,0000,0000,0000,0000,0000,0000,0000,
H0ad 0000,0000,0000,0000,0000,0000,0000,0000,0000,0000,0000,0000,0000,0000,0000,0000,
H0ae 0000,0000,0000,0000,0000,0000,0000,0000,0000,0000,0000,0000,0000,0000,0000,0000,
H0af 0000,0000,0000,0000,0000,0000,0000,0000,0000,0000,0000,0000,0000,0000,0000,0000,
H0b0 0000,0000,0000,0000,0000,0000,0000,0000,0000,0000,0000,0000,0000,0000,0000,0000,
H0b1 0000,0000,0000,0000,0000,0000,0000,0000,0000,0000,0000,0000,0000,0000,0000,0000,
H0b2 0000,0000,0000,0000,0000,0000,0000,0000,0000,0000,0000,0000,0000,0000,0000,0000,
H0b3 0000,0000,0000,0000,0000,0000,0000,0000,0000,0000,0000,0000,0000,0000,0000,0000,
H0b4 0000,0000,0000,0000,0000,0000,0000,0000,0000,0000,0000,0000,0000,0000,0000,0000,
H0b5 0000,0000,0000,0000,0000,0000,0000,0000,0000,0000,0000,0000,0000,0000,0000,0000,
H0b6 0000,0000,0000,0000,0000,0000,0000,0000,0000,0000,0000,0000,0000,0000,0000,0000,
H0b7 0000,0000,0000,0000,0000,0000,0000,0000,0000,0000,0000,0000,0000,0000,0000,0000,
H0b8 0000,0000,0000,0000,0000,0000,0000,0000,0000,0000,0000,0000,0000,0000,0000,0000,
H0b9 0000,0000,0000,0000,0000,0000,0000,0000,0000,0000,0000,0000,0000,0000,0000,0000,
H0ba 0000,0000,0000,0000,0000,0000,0000,0000,0000,0000,0000,0000,0000,0000,0000,0000,
H0bb 0000,0000,0000,0000,0000,0000,0000,0000,0000,0000,0000,0000,0000,0000,0000,0000,
H0bc 0000,0000,0000,0000,0000,0000,0000,0000,0000,0000,0000,0000,0000,0000,0000,0000,
H0bd 0000,0000,0000,0000,0000,0000,0000,0000,0000,0000,0000,0000,0000,0000,0000,0000,
H0be 0000,0000,0000,0000,0000,0000,0000,0000,0000,0000,0000,0000,0000,0000,0000,0000,
H0bf 0000,0000,0000,0000,0000,0000,0000,0000,0000,0000,0000,0000,0000,0000,0000,0000,
H0c0 0e64,1198,0000,0000,0000,0000,0000,0000,0000,0000,0000,0000,0000,0078,0000,0100,
H0c1 0100,7fff,0000,7fff,0000,7fff,0000,7fff,0000,0605,0705,0000,0000,0000,0000,0001,
H0c2 0000,0000,0000,0000,0000,0000,0000,0000,0000,0000,0000,0000,0000,0000,0000,0000,
H0c3 0000,0000,0000,0000,0000,0000,0000,0000,0000,0000,0000,0000,0000,0000,0000,0000,
H0c4 0afc,0005,04f9,0000,1df8,000a,0aed,0000,f600,00fd,fc08,0000,e500,00f2,f51a,00fe,
H0c5 0000,00fd,0000,0000,0000,00f5,00fe,0000,ff00,0005,0001,0000,ff00,000e,0001,0000,
H0c6 0000,0000,0000,0000,0000,0000,0000,0000,0000,0000,0000,0000,0000,0000,0000,0000,
H0c7 0000,0800,0000,00ff,0000,1600,0000,00fd,00fc,f700,0000,0000,00ee,e200,0000,0000,
H0c8 0012,0000,0000,0000,0030,0000,0000,0000,00ec,0000,0000,0000,00c5,0000,0000,0000,
H0c9 0000,0000,0000,0000,0000,0000,0000,0000,0000,0000,0000,0000,0000,0000,0000,0000,
H0ca f600,0000,fc00,00ff,e300,0000,f601,00fe,0a00,0000,02ff,0000,17fa,0000,08ff,0000,
H0cb 0000,0000,0000,0000,0000,0000,0000,0000,0000,0000,0000,0000,0000,0000,0000,0000,
H0cc 0000,0000,0000,0000,0000,0000,0000,ffff,0000,0000,0000,0000,0000,0000,0000,0000,
H0cd 0602,0000,0000,0000,0000,0000,0000,0000,0000,ffff,ffff,ffff,ffff,ffff,ffff,ffff,
H0ce 0010,0001,0007,0007,0001,0005,0002,0000,0000,0004,0000,0000,1099,2205,0000,0000,
H0cf ffff,0000,ffff,0000,0000,0000,0000,0000,0000,0000,0000,0000,0000,0000,0000,0000,
H0d0 0000,0023,0000,0000,0806,0001,0001,0400,0080,0807,0b04,0101,0403,000a,0808,0f0a,
H0d1 0001,0400,000a,0809,0f0a,0001,0400,000a,080a,030a,0101,0401,000c,080b,0701,0001,
H0d2 0403,000a,080c,0f0a,0001,0400,000a,080e,000a,0001,0200,0000,088f,0f0a,0001,0400,
H0d3 0000,0811,030a,0101,0401,000c,0813,0b04,0002,0403,000a,0814,0f0a,0002,0403,0000,
H0d4 0815,0f0a,0002,0403,000e,0816,ff0a,0001,0403,0000,0817,0f0a,0002,0403,000e,0818,
H0d5 0f0a,0001,0407,0000,0819,0f0a,0001,0407,0007,081a,0f0a,0001,0407,000e,081f,0f0a,
H0d6 0001,0407,000e,0820,0f0a,0001,0407,0007,0821,0f0a,0001,0407,0000,0825,07a0,0101,
H0d7 0401,000c,0826,0f0a,0001,0403,000a,0827,0601,0001,0400,0000,082a,0ffe,0001,0403,
H0d8 000a,0828,0fa0,0002,0400,000a,0829,0fa0,0002,0400,000a,082b,07a0,0101,0401,000c,
H0d9 082c,0f0a,0002,0400,0000,082d,0b04,0002,0403,000a,0831,0701,0001,0403,000a,0832,
H0da 0f0a,0002,0400,000a,0833,0f0a,0002,0400,000a,0836,0f0a,0301,0400,0000,083d,0f0a,
H0db 0001,0400,000a,0000,0000,0000,0000,0000,0000,0000,0000,0000,0000,000a,000f,0005,
H0dc 11ec,0000,0000,0000,0000,0000,1d90,0000,0000,0000,0000,0000,0000,0000,0000,0000,
H0dd 0000,0000,0000,0000,0000,a5a5,0000,0000,0000,0000,0000,0000,0000,0000,0000,0000,
H0de 0000,0000,0000,0000,0000,0000,0000,0000,0000,0000,0000,0000,0000,0000,0000,0000,
H0df 0000,0000,0010,0000,0000,0000,0000,0000,0000,0000,0000,0000,0000,0000,0000,0508,
H0e0 0000,0000,0000,0000,0000,0000,0000,0000,0000,0000,0000,0000,0000,0000,0000,0000,
H0e1 0000,0000,0000,0000,0000,0000,0000,0000,0000,0000,0000,0000,0000,0000,0000,0000,
H0e2 0000,0000,0000,0000,0000,0000,0000,0000,0000,0000,0000,0000,0000,0000,0000,0000,
H0e3 0000,0000,0000,0000,0000,0000,0000,0000,0000,0000,0000,0000,0000,0000,0000,0000,
H0e4 00f3,0000,0000,0000,0000,0000,0000,0000,0000,0000,0000,0000,0000,0000,0000,0000,
H0e5 0000,0000,0000,0000,0000,0000,0000,0000,0000,0000,0000,0000,0000,0000,0000,0000,
H0e6 0000,0000,0000,0000,0000,0000,0000,0000,0000,0000,0000,0000,0000,0000,0000,0000,
H0e7 0000,0000,0000,0000,0000,0000,0000,0000,0000,0000,0000,0000,0000,0000,0000,0000,
H0e8 0000,0000,0000,0000,0000,0000,0000,0000,0000,0000,0000,0000,0000,0000,0000,0000,
H0e9 0000,0000,0000,0000,0000,0000,0000,0000,0000,0000,0000,0000,0000,0000,0000,0000,
H0ea 0000,0000,0000,0000,0000,0000,0000,0000,0000,0000,0000,0000,0000,0000,0000,0000,
H0eb 0000,0000,0000,0000,0000,0000,0000,0000,0000,0000,0000,0000,0000,0000,0000,0000,
H0ec 0000,0000,0000,0000,0000,0000,0000,0000,0000,0000,0000,0000,0000,0000,0000,0000,
H0ed 0000,0000,0000,0000,0000,0000,0000,0000,0000,0000,0000,0000,0000,0000,0000,0000,
H0ee 0000,0000,0000,0000,0000,0000,0000,0000,0000,0000,0000,5a5a,0000,0000,0000,0000,
H0ef 0000,0000,0000,0000,0000,0000,0000,0000,0000,0000,0000,0060,0012,0000,0000,0000,
H0f0 0106,0000,0155,0000,00df,0000,0000,0000,0000,0000,0000,0000,0000,0000,0000,0000,
H0f1 0000,0000,0000,0000,0000,0000,0000,0000,0000,0000,0000,0000,0000,0000,0000,0000,
H0f2 0000,0000,0000,0000,0000,0000,0000,0000,0000,0000,0000,0000,0000,0000,0000,0000,
H0f3 0000,0000,0000,0000,0000,0000,0000,0000,0000,0000,0000,0000,0000,0000,0000,0000,
H0f4 0000,0000,0000,0000,0000,0000,0000,0000,0000,0000,0000,0000,0000,0000,0000,0000,
H0f5 0000,0000,0000,0000,0000,0000,0000,0000,0000,0000,0000,0000,0000,0000,0000,0000,
H0f6 0000,0000,0000,0000,0000,0000,0000,0000,0000,0000,0000,0000,0000,0000,0000,0000,
H0f7 0000,0000,0000,0000,0000,0000,0000,0001,d5a0,0002,d560,0002,0000,0000,4000,0000,
H0f8 0200,0000,0000,0000,0000,0000,0000,0000,0000,0000,0000,0000,0000,0000,0000,0000,
H0f9 0000,0000,d560,0002,d560,0002,0040,0000,0000,0000,0000,0000,0000,0000,0000,0000,
H0fa 0000,0000,0000,0000,0000,0000,0000,0000,0000,0000,0000,0000,0000,0000,0000,0000,
H0fb 0000,0000,0000,0000,0000,0000,0000,0000,0000,0000,0000,0000,0000,0000,0000,0000,
H0fc 0000,0000,0000,0000,0000,0000,0000,0000,0000,0000,2413,0000,0000,0000,0000,0000,
H0fd 0000,0000,0000,0000,0000,0000,0000,0000,0000,0000,0000,0000,0000,0000,0000,0000,
H0fe 0000,0000,0000,0000,0000,0000,0000,0000,0000,0000,0000,0000,0000,0000,0000,0000,
H0ff 0000,0000,0000,0000,0000,0000,0000,0000,0000,0000,0000,0000,6150,616e,6150,616e,
