###### EEPROM DATA INFORMATION ######
#@1:20     : AREA          : FIX ADJUST 
#@2:00     : TYPE          : ROM 
#@3:0000   : START ADDRESS : 0x0000h 
#@4:4100   : DATA SIZE    : 0x4100h 
#####################################
      L0   L1   L2   L3   L4   L5   L6   L7   L8   L9   La   Lb   Lc   Ld   Le   Lf  
H000 5834,3131,3330,3230,3230,3735,3200,0000,0000,0000,0000,0000,0000,0000,0109,ffff,
H001 00c1,0000,0000,0000,0000,0000,0000,0000,0000,0000,0000,0000,0000,0000,0000,0000,
H002 5853,4931,3330,3230,3230,3536,3031,3630,3400,0000,0000,0000,0000,0000,0000,0000,
H003 0000,0000,0000,0000,0000,0000,0000,0000,0000,0000,0000,0000,0000,0000,0000,0000,
H004 0000,0000,0000,0000,0000,0000,0000,0000,0000,0000,0000,0000,0000,0000,0000,0000,
H005 0000,0000,0000,0000,0000,0000,0000,0000,0000,0000,0000,0000,0000,0000,0000,0000,
H006 0000,0000,0000,0000,0000,0000,0000,0000,0000,0000,0000,0000,0000,0000,0000,0000,
H007 0000,0000,0000,0000,0000,0000,0000,0000,0000,0000,0000,0000,0000,0000,0000,0000,
H008 0000,0000,0000,0000,0000,0000,0000,0000,0000,0000,0000,0000,0000,0000,0000,0000,
H009 ffff,ffff,0000,0000,0000,0000,0000,0000,0000,0000,0000,0000,0000,0000,0000,0000,
H00a 0000,0000,0000,0000,0000,0000,0000,0000,0000,0000,0000,0000,0000,0000,0000,0000,
H00b 0000,0000,0000,0000,0000,0000,0000,0000,0000,0000,0000,0000,0000,0000,0000,0000,
H00c 0000,0000,0000,0000,0000,0000,0000,0000,0000,0000,0000,0000,0000,0000,0000,0000,
H00d 0000,0000,0000,0000,0000,0000,0000,0000,0000,0000,0000,0000,0000,0000,0000,0000,
H00e 0000,0000,0000,0000,0000,0000,0000,0000,0000,0000,0000,0000,0000,0000,0000,0000,
H00f 0000,0000,0000,0000,0000,0000,0000,0000,0000,0000,0000,0000,0000,0000,0000,0000,
H010 0000,0000,0000,0000,0000,0000,0000,0000,0000,0000,0000,0000,0000,0000,0001,0000,
H011 ffff,ffff,ffff,ffff,ffff,ffff,ffff,ffff,ffff,ffff,ffff,ffff,ffff,ffff,ffff,ffff,
H012 8000,0000,0000,8000,0000,0000,0000,0003,0000,0000,0200,03ff,0000,0200,3200,0000,
H013 ffff,0000,0000,0000,0000,0000,0000,0000,0000,0000,0000,0000,0000,0000,0000,0000,
H014 000f,f000,0f00,000f,f0f0,ffff,ffff,ff0f,ff0f,ffff,ffff,00ff,ffff,ffff,ffff,ffff,
H015 018d,01ae,9328,9418,9f21,bc18,bd21,cc18,cd21,dc15,dd1e,0000,0000,0000,0000,0000,
H016 0000,828a,8347,8480,8580,8845,8980,8a80,8f99,922a,0000,0000,0000,0000,0000,0017,
H017 9116,921e,9328,9418,9f21,bc23,bd2c,cc23,cd2c,dc20,dd29,0000,0000,0000,0000,0000,
H018 0000,0000,0000,0000,0000,0000,0000,0000,0000,0000,0000,0000,0000,0000,0000,0000,
H019 0000,0000,0000,0000,0000,0000,0000,0000,0000,0000,0000,0000,0000,0000,0000,0000,
H01a 128a,25c7,1ad3,1b31,12c7,2571,1b23,1ac8,1350,2537,1c09,1a6b,0000,0000,0000,0000,
H01b 0000,0000,0000,0000,0000,0000,0000,0000,0000,0000,0000,0000,0000,0000,0000,0000,
H01c 0000,0000,0000,0000,0000,0000,0000,0000,0000,0000,0000,0000,0000,0000,0000,0000,
H01d 128a,25c7,1ad3,1b31,12c7,2571,1b23,1ac8,1350,2537,1c09,1a6b,0000,0000,0000,0000,
H01e 0058,0026,0057,0027,0057,0027,004f,0060,0022,0029,0000,0066,005b,0000,0001,0000,
H01f 012f,0139,013d,0138,0000,0000,0000,0000,0000,0000,0000,0000,0000,0000,0000,0000,
H020 0000,0000,0000,0000,0000,0000,0000,0000,0000,0000,0000,0000,0000,0000,0000,0000,
H021 0000,0000,0000,0000,0000,0000,0000,0000,0000,0000,0000,0000,0000,0000,0000,0000,
H022 0000,0000,0000,0000,0000,0000,0000,0000,0000,0000,0000,0000,0000,0000,0000,0000,
H023 0000,0000,0000,0000,0000,0000,0000,0000,0000,0000,0000,0000,0000,0000,0000,0000,
H024 0000,0000,0000,0000,0000,0000,0000,0000,0000,0000,0000,0000,0000,0000,0000,0000,
H025 0000,0000,0000,0000,0000,0000,0000,0000,0000,0000,0000,0000,0000,0000,0000,0000,
H026 0000,0000,0000,0000,0000,0000,0000,0000,0000,0000,0000,0000,0000,0000,0000,0000,
H027 0000,0000,0000,0000,0000,0000,0000,0000,0000,0000,0000,0000,0000,0000,0000,0000,
H028 0000,0000,0000,0000,0000,0000,0000,0000,0000,0000,0000,0000,0000,0000,0000,0000,
H029 0000,0000,0000,0000,0000,0000,0000,0000,0000,0000,0000,0000,0000,0000,0000,0000,
H02a 0000,0000,0000,0000,0000,0000,0000,0000,0000,0000,0000,0000,0000,0000,0000,0000,
H02b 0000,0000,0000,0000,0000,0000,0000,0000,0000,0000,0000,0000,0000,0000,0000,0000,
H02c 0000,0000,0000,0000,0000,0000,0000,0000,0000,0000,0000,0000,0000,0000,0000,0000,
H02d 0000,0000,0000,0000,0000,0000,0000,0000,0000,0000,0000,0000,0000,0000,0000,0000,
H02e 0000,0000,0000,0000,0000,0000,0000,0000,0000,0000,0000,0000,0000,0000,0000,0000,
H02f 0000,0000,0000,0000,0000,0000,0000,0000,0000,0000,0000,0000,0000,0000,0000,0000,
H030 0000,006e,000b,0000,000d,0000,0000,ffff,0000,0000,0000,0000,0000,0000,0139,013d,
H031 0000,0000,0017,0000,0000,0000,ffff,0000,0000,0000,0000,0000,0000,0641,0641,0017,
H032 0000,0000,0000,0000,0000,0000,0000,0000,0762,0000,0000,0000,0000,0000,0000,0000,
H033 0000,0000,0000,0000,0000,0000,0000,0000,0000,0000,0000,0000,0000,0000,0000,0000,
H034 0000,0000,0000,0000,0000,0000,000f,000f,000f,000f,000f,000f,000b,0033,001c,0038,
H035 0000,0000,0000,0000,0000,0000,000f,000f,000f,000f,000f,0028,0028,0028,0028,0028,
H036 0000,0000,0000,0000,0000,0000,0017,0000,0000,0000,0000,0000,0000,0180,0000,0180,
H037 ffff,0000,0000,0000,0000,0000,0000,0000,0000,0000,0000,0000,0000,0000,0000,0000,
H038 0000,0000,0000,0000,0000,0000,0000,0000,0000,0000,0000,0000,0000,0000,0000,0000,
H039 0000,0000,0000,0000,0000,0000,0000,0000,0000,0000,0000,0000,0000,0000,0000,0000,
H03a 0000,0018,0009,2fd6,423c,0e82,0000,0018,0009,0000,0000,0000,0000,0015,0008,32a1,
H03b 3b72,2766,0000,0015,0008,0000,0000,0000,0000,000e,000f,3087,38f5,26cd,0000,000e,
H03c 000f,0000,0000,0000,0000,0000,0000,0000,0000,0000,0000,0000,0000,0000,0000,0000,
H03d 01ed,01ef,01f3,01f3,01f0,01e6,01f2,01f9,0277,0276,0277,0279,0278,027a,0271,0272,
H03e 8011,8043,7ff2,804f,0000,0000,0000,0000,0000,0000,0000,0000,0000,0000,0000,0000,
H03f 8080,0115,0115,0000,0000,0000,0000,0000,0000,0000,0000,0000,0000,0000,0000,0000,
H040 0000,0000,0000,0000,0000,0000,0000,0000,0000,0000,0000,0000,0000,0000,0000,0000,
H041 0000,0000,0000,0000,0000,0000,0000,0000,0000,0000,0000,0000,0000,0000,0000,0000,
H042 0000,0000,0000,0000,0000,0000,0000,0000,0000,0000,0000,0000,0000,0000,0000,0000,
H043 0000,0000,0000,0000,0000,0000,0000,0000,0000,0000,0000,0000,0000,0000,0000,0000,
H044 0000,0000,0000,0000,0000,0000,0000,0000,0000,0000,0000,0000,0000,0000,0000,0000,
H045 0000,0000,0000,0000,0000,0000,0000,0000,0000,0000,0000,0000,0000,0000,0000,0000,
H046 0000,0000,0000,0000,0000,0000,0000,0000,0000,0000,0000,0000,0000,0000,0000,0000,
H047 0000,0000,0000,0000,0000,0000,0000,0000,0000,0000,0000,0000,0000,0000,0000,0000,
H048 0000,0000,0000,0000,0000,0000,0000,0000,0000,0000,0000,0000,0000,0000,0000,0000,
H049 0000,0000,0000,0000,0000,0000,0000,0000,0000,0000,0000,0000,0000,0000,0000,0000,
H04a 0000,0000,0000,0000,0000,0000,0000,0000,0000,0000,0000,0000,0000,0000,0000,0000,
H04b 0000,0000,0000,0000,0000,0000,0000,0000,0000,0000,0000,0000,0000,0000,0000,0000,
H04c 0000,0000,0000,0000,0000,0000,0000,0000,0000,0000,0000,0000,0000,0000,0000,0000,
H04d 0000,0000,0000,0000,0000,0000,0000,0000,0000,0000,0000,0000,0000,0000,0000,0000,
H04e 0000,0000,0000,0000,0000,0000,0000,0000,0000,0000,0000,0000,0000,0000,0000,0000,
H04f 0000,0000,0000,0000,0000,0000,0000,0000,0000,0000,0000,0000,0000,0000,0000,0000,
H050 0000,0000,0000,0000,0000,0000,0000,0000,0000,0000,0000,0000,0000,0000,0000,0000,
H051 0000,0000,0000,0000,0000,0000,0000,0000,0000,0000,0000,0000,0000,0000,0000,0000,
H052 0000,0000,0000,0000,0000,0000,0000,0000,0000,0000,0000,0000,0000,0000,0000,0000,
H053 0000,0000,0000,0000,0000,0000,0000,0000,0000,0000,0000,0000,0000,0000,0000,0000,
H054 0000,0000,0000,0000,0000,0000,0000,0000,0000,0000,0000,0000,0000,0000,0000,0000,
H055 0000,0000,0000,0000,0000,0000,0000,0000,0000,0000,0000,0000,0000,0000,0000,0000,
H056 0000,0000,0000,0000,0000,0000,0000,0000,0000,0000,0000,0000,0000,0000,0000,0000,
H057 0000,0000,0000,0000,0000,0000,0000,0000,0000,0000,0000,0000,0000,0000,0000,0000,
H058 0000,0000,0000,0000,0000,0000,0000,0000,0000,0000,0000,0000,0000,0000,0000,0000,
H059 0000,0000,0000,0000,0000,0000,0000,0000,0000,0000,0000,0000,0000,0000,0000,0000,
H05a 0000,0000,0000,0000,0000,0000,0000,0000,0000,0000,0000,0000,0000,0000,0000,0000,
H05b 0000,0000,0000,0000,0000,0000,0000,0000,0000,0000,0000,0000,0000,0000,0000,0000,
H05c 0000,0000,0000,0000,0000,0000,0000,0000,0000,0000,0000,0000,0000,0000,0000,0000,
H05d 0000,0000,0000,0000,0000,0000,0000,0000,0000,0000,0000,0000,0000,0000,0000,0000,
H05e 0000,0000,0000,0000,0000,0000,0000,0000,0000,0000,0000,0000,0000,0000,0000,0000,
H05f 0000,0000,0000,0000,0000,0000,0000,0000,0000,0000,0000,0000,0000,0000,0000,0000,
H060 0000,0000,0000,0000,0000,0000,0000,0000,0000,0000,0000,0000,0000,0000,0000,0000,
H061 0000,0000,0000,0000,0000,0000,0000,0000,0000,0000,0000,0000,0000,0000,0000,0000,
H062 0000,0000,0000,0000,0000,0000,0000,0000,0000,0000,0000,0000,0000,0000,0000,0000,
H063 0000,0000,0000,0000,0000,0000,0000,0000,0000,0000,0000,0000,0000,0000,0000,0000,
H064 0000,0000,0000,0000,0000,0000,0000,0000,0000,0000,0000,0000,0000,0000,0000,0000,
H065 0000,0000,0000,0000,0000,0000,0000,0000,0000,0000,0000,0000,0000,0000,0000,0000,
H066 0000,0000,0000,0000,0000,0000,0000,0000,0000,0000,0000,0000,0000,0000,0000,0000,
H067 0000,0000,0000,0000,0000,0000,0000,0000,0000,0000,0000,0000,0000,0000,0000,0000,
H068 0000,0000,0000,0000,0000,0000,0000,0000,0000,0000,0000,0000,0000,0000,0000,0000,
H069 0000,0000,0000,0000,0000,0000,0000,0000,0000,0000,0000,0000,0000,0000,0000,0000,
H06a 0000,0000,0000,0000,0000,0000,0000,0000,0000,0000,0000,0000,0000,0000,0000,0000,
H06b 0000,0000,0000,0000,0000,0000,0000,0000,0000,0000,0000,0000,0000,0000,0000,0000,
H06c 0000,0000,0000,0000,0000,0000,0000,0000,0000,0000,0000,0000,0000,0000,0000,0000,
H06d 0000,0000,0000,0000,0000,0000,0000,0000,0000,0000,0000,0000,0000,0000,0000,0000,
H06e 0000,0000,0000,0000,0000,0000,0000,0000,0000,0000,0000,0000,0000,0000,0000,0000,
H06f 0000,0000,0000,0000,0000,0000,0000,0000,0000,0000,0000,0000,0000,0000,0000,0000,
H070 0000,0000,0000,0000,0000,0000,0000,0000,0000,0000,0000,0000,0000,0000,0000,0000,
H071 0000,0000,0000,0000,0000,0000,0000,0000,0000,0000,0000,0000,0000,0000,0000,0000,
H072 0000,0000,0000,0000,0000,0000,0000,0000,0000,0000,0000,0000,0000,0000,0000,0000,
H073 0000,0000,0000,0000,0000,0000,0000,0000,0000,0000,0000,0000,0000,0000,0000,0000,
H074 0000,0000,0000,0000,0000,0000,0000,0000,0000,0000,0000,0000,0000,0000,0000,0000,
H075 0000,0000,0000,0000,0000,0000,0000,0000,0000,0000,0000,0000,0000,0000,0000,0000,
H076 0000,0000,0000,0000,0000,0000,0000,0000,0000,0000,0000,0000,0000,0000,0000,0000,
H077 0000,0000,0000,0000,0000,0000,0000,0000,0000,0000,0000,0000,0000,0000,0000,0000,
H078 0000,0000,0000,0000,0000,0000,0000,0000,0000,0000,0000,0000,0000,0000,0000,0000,
H079 0000,0000,0000,0000,0000,0000,0000,0000,0000,0000,0000,0000,0000,0000,0000,0000,
H07a 0000,0000,0000,0000,0000,0000,0000,0000,0000,0000,0000,0000,0000,0000,0000,0000,
H07b 0000,0000,0000,0000,0000,0000,0000,0000,0000,0000,0000,0000,0000,0000,0000,0000,
H07c 0000,0000,0000,0000,0000,0000,0000,0000,0000,0000,0000,0000,0000,0000,0000,0000,
H07d 0000,0000,0000,0000,0000,0000,0000,0000,0000,0000,0000,0000,0000,0000,0000,0000,
H07e 0000,0000,0000,0000,0000,0000,0000,0000,0000,0000,0000,0000,0000,0000,0000,0000,
H07f 0000,0000,0000,0000,0000,0000,0000,0000,0000,0000,0000,0000,0000,0000,0000,0000,
H080 0000,0000,0000,0000,0000,0000,0000,0000,0000,0000,0000,0000,0000,0000,0000,0000,
H081 0000,0000,0000,0000,0000,0000,0000,0000,0000,0000,0000,0000,0000,0000,0000,0000,
H082 0000,0000,0000,0000,0000,0000,0000,0000,0000,0000,0000,0000,0000,0000,0000,0000,
H083 0000,0000,0000,0000,0000,0000,0000,0000,0000,0000,0000,0000,0000,0000,0000,0000,
H084 0000,0000,0000,0000,0000,0000,0000,0000,0000,0000,0000,0000,0000,0000,0000,0000,
H085 0000,0000,0000,0000,0000,0000,0000,0000,0000,0000,0000,0000,0000,0000,0000,0000,
H086 0000,0000,0000,0000,0000,0000,0000,0000,0000,0000,0000,0000,0000,0000,0000,0000,
H087 0000,0000,0000,0000,0000,0000,0000,0000,0000,0000,0000,0000,0000,0000,0000,0000,
H088 0000,0000,0000,0000,0000,0000,0000,0000,0000,0000,0000,0000,0000,0000,0000,0000,
H089 0000,0000,0000,0000,0000,0000,0000,0000,0000,0000,0000,0000,0000,0000,0000,0000,
H08a 0000,0000,0000,0000,0000,0000,0000,0000,0000,0000,0000,0000,0000,0000,0000,0000,
H08b 0000,0000,0000,0000,0000,0000,0000,0000,0000,0000,0000,0000,0000,0000,0000,0000,
H08c 0000,0000,0000,0000,0000,0000,0000,0000,0000,0000,0000,0000,0000,0000,0000,0000,
H08d 0000,0000,0000,0000,0000,0000,0000,0000,0000,0000,0000,0000,0000,0000,0000,0000,
H08e 0000,0000,0000,0000,0000,0000,0000,0000,0000,0000,0000,0000,0000,0000,0000,0000,
H08f 0000,0000,0000,0000,0000,0000,0000,0000,0000,0000,0000,0000,0000,0000,0000,0000,
H090 0000,0000,0000,0000,0000,0000,0000,0000,0000,0000,0000,0000,0000,0000,0000,0000,
H091 0000,0000,0000,0000,0000,0000,0000,0000,0000,0000,0000,0000,0000,0000,0000,0000,
H092 0000,0000,0000,0000,0000,0000,0000,0000,0000,0000,0000,0000,0000,0000,0000,0000,
H093 0000,0000,0000,0000,0000,0000,0000,0000,0000,0000,0000,0000,0000,0000,0000,0000,
H094 0000,0000,0000,0000,0000,0000,0000,0000,0000,0000,0000,0000,0000,0000,0000,0000,
H095 0000,0000,0000,0000,0000,0000,0000,0000,0000,0000,0000,0000,0000,0000,0000,0000,
H096 0000,0000,0000,0000,0000,0000,0000,0000,0000,0000,0000,0000,0000,0000,0000,0000,
H097 0000,0000,0000,0000,0000,0000,0000,0000,0000,0000,0000,0000,0000,0000,0000,0000,
H098 0000,0000,0000,0000,0000,0000,0000,0000,0000,0000,0000,0000,0000,0000,0000,0000,
H099 0000,0000,0000,0000,0000,0000,0000,0000,0000,0000,0000,0000,0000,0000,0000,0000,
H09a 0000,0000,0000,0000,0000,0000,0000,0000,0000,0000,0000,0000,0000,0000,0000,0000,
H09b 0000,0000,0000,0000,0000,0000,0000,0000,0000,0000,0000,0000,0000,0000,0000,0000,
H09c 0000,0000,0000,0000,0000,0000,0000,0000,0000,0000,0000,0000,0000,0000,0000,0000,
H09d 0000,0000,0000,0000,0000,0000,0000,0000,0000,0000,0000,0000,0000,0000,0000,0000,
H09e 0000,0000,0000,0000,0000,0000,0000,0000,0000,0000,0000,0000,0000,0000,0000,0000,
H09f 0000,0000,0000,0000,0000,0000,0000,0000,0000,0000,0000,0000,0000,0000,0000,0000,
H0a0 0000,0000,0000,0000,0000,0000,0000,0000,0000,0000,0000,0000,0000,0000,0000,0000,
H0a1 0000,0000,0000,0000,0000,0000,0000,0000,0000,0000,0000,0000,0000,0000,0000,0000,
H0a2 0000,0000,0000,0000,0000,0000,0000,0000,0000,0000,0000,0000,0000,0000,0000,0000,
H0a3 0000,0000,0000,0000,0000,0000,0000,0000,0000,0000,0000,0000,0000,0000,0000,0000,
H0a4 0000,0000,0000,0000,0000,0000,0000,0000,0000,0000,0000,0000,0000,0000,0000,0000,
H0a5 0000,0000,0000,0000,0000,0000,0000,0000,0000,0000,0000,0000,0000,0000,0000,0000,
H0a6 0000,0000,0000,0000,0000,0000,0000,0000,0000,0000,0000,0000,0000,0000,0000,0000,
H0a7 0000,0000,0000,0000,0000,0000,0000,0000,0000,0000,0000,0000,0000,0000,0000,0000,
H0a8 0000,0000,0000,0000,0000,0000,0000,0000,0000,0000,0000,0000,0000,0000,0000,0000,
H0a9 0000,0000,0000,0000,0000,0000,0000,0000,0000,0000,0000,0000,0000,0000,0000,0000,
H0aa 0000,0000,0000,0000,0000,0000,0000,0000,0000,0000,0000,0000,0000,0000,0000,0000,
H0ab 0000,0000,0000,0000,0000,0000,0000,0000,0000,0000,0000,0000,0000,0000,0000,0000,
H0ac 0000,0000,0000,0000,0000,0000,0000,0000,0000,0000,0000,0000,0000,0000,0000,0000,
H0ad 0000,0000,0000,0000,0000,0000,0000,0000,0000,0000,0000,0000,0000,0000,0000,0000,
H0ae 0000,0000,0000,0000,0000,0000,0000,0000,0000,0000,0000,0000,0000,0000,0000,0000,
H0af 0000,0000,0000,0000,0000,0000,0000,0000,0000,0000,0000,0000,0000,0000,0000,0000,
H0b0 0000,0000,0000,0000,0000,0000,0000,0000,0000,0000,0000,0000,0000,0000,0000,0000,
H0b1 0000,0000,0000,0000,0000,0000,0000,0000,0000,0000,0000,0000,0000,0000,0000,0000,
H0b2 0000,0000,0000,0000,0000,0000,0000,0000,0000,0000,0000,0000,0000,0000,0000,0000,
H0b3 0000,0000,0000,0000,0000,0000,0000,0000,0000,0000,0000,0000,0000,0000,0000,0000,
H0b4 0000,0000,0000,0000,0000,0000,0000,0000,0000,0000,0000,0000,0000,0000,0000,0000,
H0b5 0000,0000,0000,0000,0000,0000,0000,0000,0000,0000,0000,0000,0000,0000,0000,0000,
H0b6 0000,0000,0000,0000,0000,0000,0000,0000,0000,0000,0000,0000,0000,0000,0000,0000,
H0b7 0000,0000,0000,0000,0000,0000,0000,0000,0000,0000,0000,0000,0000,0000,0000,0000,
H0b8 0000,0000,0000,0000,0000,0000,0000,0000,0000,0000,0000,0000,0000,0000,0000,0000,
H0b9 0000,0000,0000,0000,0000,0000,0000,0000,0000,0000,0000,0000,0000,0000,0000,0000,
H0ba 0000,0000,0000,0000,0000,0000,0000,0000,0000,0000,0000,0000,0000,0000,0000,0000,
H0bb 0000,0000,0000,0000,0000,0000,0000,0000,0000,0000,0000,0000,0000,0000,0000,0000,
H0bc 0000,0000,0000,0000,0000,0000,0000,0000,0000,0000,0000,0000,0000,0000,0000,0000,
H0bd 0000,0000,0000,0000,0000,0000,0000,0000,0000,0000,0000,0000,0000,0000,0000,0000,
H0be 0000,0000,0000,0000,0000,0000,0000,0000,0000,0000,0000,0000,0000,0000,0000,0000,
H0bf 0000,0000,0000,0000,0000,0000,0000,0000,0000,0000,0000,0000,0000,0000,0000,0000,
H0c0 0781,3004,0000,2300,0001,0000,0000,0000,0002,3002,0000,0000,0101,0001,0000,0000,
H0c1 0724,3002,0000,0101,0001,0045,0000,0000,0003,3003,0000,0200,0001,0005,0000,0000,
H0c2 0005,3004,0000,0201,0002,3406,0000,0000,0106,3001,0000,0301,0001,0007,0000,0000,
H0c3 0107,3002,0000,0401,0002,310b,0000,0000,020a,3001,0000,0401,0001,000c,0000,0000,
H0c4 0108,3003,0000,0501,0006,0933,0832,2829,040d,3003,0000,0500,0001,0000,0000,0000,
H0c5 0820,3002,0000,0601,0003,3a3c,0038,0000,020b,3002,0000,0701,0001,000e,0000,0000,
H0c6 0311,3003,1016,0701,0001,0016,0000,0000,0312,3004,1016,0801,0001,0017,0000,0000,
H0c7 0310,3002,1016,0801,0001,0015,0000,0000,020e,3004,1003,0901,0002,2511,0000,0000,
H0c8 0413,3001,1016,0a01,0003,191a,2c18,0000,0b32,3003,0000,0b01,0001,004e,0000,0000,
H0c9 0b2b,3004,0000,0b01,0001,004c,0000,0000,0514,3001,1016,0c01,0003,201f,0021,0000,
H0ca 0733,3001,0000,0d01,0001,0000,0000,0000,0f8e,3004,0000,2300,0000,0000,0000,0000,
H0cb 0d8f,3004,0000,2300,0000,0000,0000,0000,0000,0000,0000,0000,0000,0000,0000,0000,
H0cc 0000,0000,0000,0000,0000,0000,0000,0000,0000,0000,0000,0000,0000,0000,0000,0000,
H0cd 0000,0000,0000,0000,0000,0000,0000,0000,0000,0000,0000,0000,0000,0000,0000,0000,
H0ce 0000,0000,0000,0000,0000,0000,0000,0000,0000,0000,0000,0000,0000,0000,0000,0000,
H0cf 0000,0000,0000,0000,0000,0000,0000,0000,0000,0000,0000,0000,0000,0000,0000,0000,
H0d0 8080,0115,0115,7ff2,804f,7ff2,804f,0000,0000,00a6,01ee,0001,0000,0136,013a,00b9,
H0d1 8080,006f,006f,0000,0000,0000,0000,0000,0000,0000,0000,0000,0000,0000,0000,0000,
H0d2 0000,0000,0000,0000,0000,0000,0000,0000,0000,0000,0000,0000,0000,0000,0000,0000,
H0d3 0000,0000,0000,0000,0000,0000,0000,0000,0000,0000,0000,0000,0000,0000,0000,0000,
H0d4 0000,0000,0000,0000,0000,0000,0000,0000,0000,0000,0000,0000,0000,0000,0000,0000,
H0d5 0000,0000,0000,0000,0000,0000,0000,0000,0000,0000,0000,0000,0000,0000,0000,0000,
H0d6 0000,0000,0000,0000,0000,0000,0000,0000,0000,0000,0000,0000,0000,0000,0000,0000,
H0d7 0000,0000,0000,0000,0000,0000,0000,0000,0000,0000,0000,0000,0000,0000,0000,0000,
H0d8 0000,0000,0000,0000,0000,0000,0000,0000,0000,0000,0000,0000,0000,0000,0000,0000,
H0d9 0000,0000,0000,0000,0000,0000,0000,0000,0000,0000,0000,0000,0000,0000,0000,0000,
H0da 0000,0000,0000,0000,0000,0000,0000,0000,0000,0000,0000,0000,0000,0000,0000,0000,
H0db 0000,0000,0000,0000,0000,0000,0000,0000,0000,0000,0000,0000,0000,0000,0000,0000,
H0dc 0000,0000,0000,0000,0000,0000,0000,0000,0000,0000,0000,0000,0000,0000,0000,0000,
H0dd 0000,0000,0000,0000,0000,0000,0000,0000,0000,0000,0000,0000,0000,0000,0000,0000,
H0de 0000,0000,0000,0000,0000,0000,0000,0000,0000,0000,0000,0000,0000,0000,0000,0000,
H0df 0373,02bd,03bb,0307,0460,03d8,0260,0260,0000,0000,0000,0000,0000,0000,0000,0000,
H0e0 0000,0000,0000,0000,0000,0000,0000,0000,0000,0000,0000,0000,0000,0000,0000,0000,
H0e1 0000,0000,0000,0000,0000,0000,0000,0000,0000,0000,0000,0000,0000,0000,0000,0000,
H0e2 0000,0000,0000,0000,0000,0000,0000,0000,0000,0000,0000,0000,0000,0000,0000,0000,
H0e3 0000,0000,0000,0000,0000,0000,0000,0000,0000,0000,0000,0000,0000,0000,0000,0000,
H0e4 0000,0000,0000,0000,0000,0000,0000,0000,0000,0000,0000,0000,0000,0000,0000,0000,
H0e5 0000,0000,0000,0000,0000,0000,0000,0000,0000,0000,0000,0000,0000,0000,0000,0000,
H0e6 0000,0000,0000,0000,0000,0000,0000,0000,0000,0000,0000,0000,0000,0000,0000,0000,
H0e7 0000,0000,0000,0000,0000,0000,0000,0000,0000,0000,0000,0000,0000,0000,0000,0000,
H0e8 0000,0000,0000,0000,0000,0000,0000,0000,0000,0000,0000,0000,0000,0000,0000,0000,
H0e9 0000,0000,0000,0000,0000,0000,0000,0000,0000,0000,0000,0000,0000,0000,0000,0000,
H0ea 0000,0000,0000,0000,0000,0000,0000,0000,0000,0000,0000,0000,0000,0000,0000,0000,
H0eb 0000,0000,0000,0000,0000,0000,0000,0000,0000,0000,0000,0000,0000,0000,0000,0000,
H0ec 0000,0000,0000,0000,0000,0000,0000,0000,0000,0000,0000,0000,0000,0000,0000,0000,
H0ed 0000,0000,0000,0000,0000,0000,0000,0000,0000,0000,0000,0000,0000,0000,0000,0000,
H0ee 8eec,9efe,40f0,231d,0ff4,0064,0078,e6a3,ffb7,6a03,233b,1031,0089,039a,0000,0000,
H0ef 0000,0000,0000,0000,0000,0000,0000,0000,0000,0000,0000,0000,9efe,ffb7,0000,0000,
H0f0 03f0,0000,0438,0438,0002,03d5,0001,ffbe,ffe5,0000,11ec,11ec,12c6,12c6,12c6,12c6,
H0f1 20f5,20f5,209d,209d,7fff,7fff,7fff,7fff,0000,0000,000f,0000,0000,0000,0000,0101,
H0f2 794c,76f4,780f,0000,4211,0000,0000,0000,0024,0000,0000,0000,0000,0000,0000,0000,
H0f3 8d95,9489,0ffe,0004,0faa,8891,028a,0198,0298,01bc,01ff,0200,02f6,010b,02f4,0109,
H0f4 0035,0000,fff9,ffa7,0193,038c,0000,0000,0000,0000,04da,0000,0136,004e,0000,0004,
H0f5 0369,06a3,097f,0be5,0000,0000,0000,0000,0dd1,003d,0000,0005,0000,01a4,0183,0043,
H0f6 0080,0080,0000,0200,0000,03e8,0200,0000,0000,0000,0000,0000,0000,0000,0000,0000,
H0f7 0000,0000,0000,ff72,fcb9,ff46,0349,04b9,075c,000f,0096,ffcb,0000,0000,0000,013a,
H0f8 2e86,2fb9,318c,3283,33a5,347f,0000,0000,0000,0000,0000,0000,0000,0000,0000,0000,
H0f9 0000,0000,0000,0000,0000,0000,0000,0000,0000,0000,0000,0000,0000,0000,0000,0000,
H0fa 12c6,1285,124e,1225,1204,11ec,0000,0000,0000,0000,0000,0000,0000,0000,0000,0000,
H0fb 0000,0000,0000,0000,0000,0000,0000,0000,0000,0000,0000,0000,0000,0000,0000,0000,
H0fc 0006,0000,0000,355e,3658,0000,0000,0000,0000,36b0,0000,0000,0000,5042,0000,0000,
H0fd 0000,0000,0000,0000,6089,6095,02ab,016e,02c4,0175,0000,0000,0000,0000,0000,0000,
H0fe 07ca,06ec,0100,0400,07c7,0700,0100,0000,081a,083b,0500,0600,091c,0780,0200,0000,
H0ff 0000,0000,0000,0000,433d,0001,0001,4300,4365,42f0,4364,3c73,0001,0001,0137,0137,
H100 1313,0d11,0709,0a07,130e,1414,1313,0d11,0709,0a07,130e,1414,1212,080e,0305,0503,
H101 100a,1414,1212,060c,0102,0301,0e07,1515,1212,050a,0001,0200,0c06,1414,1212,040a,
H102 0001,0200,0c06,1414,1313,050a,0001,0300,0c07,1515,1414,060c,0203,0402,0e08,1616,
H103 1515,090e,0305,0604,100a,1818,1616,0c11,0708,0907,140d,1818,1515,1115,0c0e,0f0c,
H104 1712,1717,1515,1115,0c0e,0f0c,1712,1717,0000,0000,0000,0000,0000,0000,0000,0000,
H105 0000,0000,1300,0f13,090b,0707,0b08,130e,1313,0f13,090b,0707,0b08,130e,0f13,0a0f,
H106 0407,0303,0705,0f0a,0d0f,080d,0305,0102,0502,0e09,0c0e,070c,0204,0100,0402,0c07,
H107 0c0c,070c,0104,0000,0401,0c07,0c0c,070c,0104,0000,0401,0c07,0d0c,080d,0205,0101,
H108 0502,0d08,0f0d,0a0f,0406,0302,0604,0f09,110f,0c11,0609,0505,0906,110c,1511,1115,
H109 0b0d,0a0a,0d0b,1511,1515,1115,0b0d,0a0a,0d0b,1511,0015,0000,0000,0000,0000,0000,
H10a 0000,0000,0000,0000,0000,0d0d,0709,0506,0504,0906,0d0d,0d0d,0709,0506,0504,0906,
H10b 0d0d,0909,0506,0303,0202,0603,0a0a,0808,0305,0102,0101,0502,0909,0707,0304,0102,
H10c 0100,0402,0808,0707,0304,0001,0000,0402,0808,0808,0204,0001,0000,0401,0808,0808,
H10d 0304,0001,0000,0401,0808,0909,0305,0102,0100,0402,0909,0b0b,0507,0203,0201,0604,
H10e 0a0a,0e0e,090b,0607,0505,0a07,0d0d,0e0e,090b,0607,0505,0a07,0d0d,0000,0000,0000,
H10f 0000,0000,0000,0000,0000,0000,0000,0000,1095,2cd5,1082,2cbb,1000,1000,1000,1000,
H110 f8f8,faf9,fbfa,fdfc,0000,0101,f8f8,faf9,fbfa,fdfc,0000,0101,fdfd,0101,0001,0201,
H111 0504,0606,fefe,0302,0203,0302,0705,0909,fefe,0000,0201,0302,0705,0909,ffff,ffff,
H112 00fe,0300,0604,0808,ffff,feff,00fe,0200,0503,0808,fefe,feff,fefe,00ff,0502,0707,
H113 fefe,fefe,fffe,00ff,0402,0606,fdfd,fefe,fffe,01ff,0302,0505,fcfc,fefd,ffff,00ff,
H114 0402,0505,fcfc,fefd,ffff,00ff,0402,0505,0000,0000,0000,0000,0000,0000,0000,0000,
H115 0000,0000,f900,f9f9,f9f8,f9fa,fcfa,fcfc,f9fc,f9f9,f9f8,f9fa,fcfa,fcfc,fefc,01fe,
H116 0101,0000,0100,0101,ff01,01ff,0303,0202,0202,0403,ff04,ffff,0200,0202,0302,0403,
H117 ff04,00ff,ffff,0000,0202,0303,ff03,ffff,feff,0000,0201,0202,ff02,ffff,fffe,00ff,
H118 0100,0201,ff02,ffff,ffff,ffff,0000,0201,ff02,ffff,ffff,00ff,0000,0101,fe01,fffe,
H119 ffff,ffff,00ff,0101,fe01,fffe,ffff,ffff,00ff,0101,0001,0000,0000,0000,0000,0000,
H11a 0000,0000,0000,0000,0000,f3f3,f4f4,f6f6,f4f5,f3f4,f1f1,f3f3,f4f4,f6f6,f4f5,f3f4,
H11b f1f1,f9f9,fefc,fdfe,fcfc,f9fb,f7f7,fafa,01fe,0001,ff00,fdfe,fafa,fbfb,fffd,0100,
H11c 0001,fdff,fbfb,fbfb,fefe,00fe,0100,fdff,fbfb,fbfb,fdfd,00fe,0000,fdff,fbfb,fbfb,
H11d fdfd,ffff,ffff,fcfd,fbfb,fbfb,fefd,fffe,fefe,fbfc,fafa,fafa,fdfc,fefe,fdfe,fafb,
H11e f9f9,f9f9,fcfa,fdfd,fbfc,f9fa,f8f8,f9f9,fcfa,fdfd,fbfc,f9fa,f8f8,0000,0000,0000,
H11f 0000,0000,0000,0000,0000,0000,0000,0000,0000,0000,0000,0000,1000,1000,1000,1000,
H120 1313,0d11,0709,0a07,130e,1414,1313,0d11,0709,0a07,130e,1414,1212,080e,0305,0503,
H121 100a,1414,1212,060c,0102,0301,0e07,1515,1212,050a,0001,0200,0c06,1414,1212,040a,
H122 0001,0200,0c06,1414,1313,050a,0001,0300,0c07,1515,1414,060c,0203,0402,0e08,1616,
H123 1515,090e,0305,0604,100a,1818,1616,0c11,0708,0907,140d,1818,1515,1115,0c0e,0f0c,
H124 1712,1717,1515,1115,0c0e,0f0c,1712,1717,0000,0000,0000,0000,0000,0000,0000,0000,
H125 0000,0000,1300,0f13,090b,0707,0b08,130e,1313,0f13,090b,0707,0b08,130e,0f13,0a0f,
H126 0407,0303,0705,0f0a,0d0f,080d,0305,0102,0502,0e09,0c0e,070c,0204,0100,0402,0c07,
H127 0c0c,070c,0104,0000,0401,0c07,0c0c,070c,0104,0000,0401,0c07,0d0c,080d,0205,0101,
H128 0502,0d08,0f0d,0a0f,0406,0302,0604,0f09,110f,0c11,0609,0505,0906,110c,1511,1115,
H129 0b0d,0a0a,0d0b,1511,1515,1115,0b0d,0a0a,0d0b,1511,0015,0000,0000,0000,0000,0000,
H12a 0000,0000,0000,0000,0000,0d0d,0709,0506,0504,0906,0d0d,0d0d,0709,0506,0504,0906,
H12b 0d0d,0909,0506,0303,0202,0603,0a0a,0808,0305,0102,0101,0502,0909,0707,0304,0102,
H12c 0100,0402,0808,0707,0304,0001,0000,0402,0808,0808,0204,0001,0000,0401,0808,0808,
H12d 0304,0001,0000,0401,0808,0909,0305,0102,0100,0402,0909,0b0b,0507,0203,0201,0604,
H12e 0a0a,0e0e,090b,0607,0505,0a07,0d0d,0e0e,090b,0607,0505,0a07,0d0d,0000,0000,0000,
H12f 0000,0000,0000,0000,0000,0000,0000,0000,0000,0000,0000,0000,0000,0000,0000,0000,
H130 f8f8,faf9,fbfa,fdfc,0000,0101,f8f8,faf9,fbfa,fdfc,0000,0101,fdfd,0101,0001,0201,
H131 0504,0606,fefe,0302,0203,0302,0705,0909,fefe,0000,0201,0302,0705,0909,ffff,ffff,
H132 00fe,0300,0604,0808,ffff,feff,00fe,0200,0503,0808,fefe,feff,fefe,00ff,0502,0707,
H133 fefe,fefe,fffe,00ff,0402,0606,fdfd,fefe,fffe,01ff,0302,0505,fcfc,fefd,ffff,00ff,
H134 0402,0505,fcfc,fefd,ffff,00ff,0402,0505,0000,0000,0000,0000,0000,0000,0000,0000,
H135 0000,0000,f900,f9f9,f9f8,f9fa,fcfa,fcfc,f9fc,f9f9,f9f8,f9fa,fcfa,fcfc,fefc,01fe,
H136 0101,0000,0100,0101,ff01,01ff,0303,0202,0202,0403,ff04,ffff,0200,0202,0302,0403,
H137 ff04,00ff,ffff,0000,0202,0303,ff03,ffff,feff,0000,0201,0202,ff02,ffff,fffe,00ff,
H138 0100,0201,ff02,ffff,ffff,ffff,0000,0201,ff02,ffff,ffff,00ff,0000,0101,fe01,fffe,
H139 ffff,ffff,00ff,0101,fe01,fffe,ffff,ffff,00ff,0101,0001,0000,0000,0000,0000,0000,
H13a 0000,0000,0000,0000,0000,f3f3,f4f4,f6f6,f4f5,f3f4,f1f1,f3f3,f4f4,f6f6,f4f5,f3f4,
H13b f1f1,f9f9,fefc,fdfe,fcfc,f9fb,f7f7,fafa,01fe,0001,ff00,fdfe,fafa,fbfb,fffd,0100,
H13c 0001,fdff,fbfb,fbfb,fefe,00fe,0100,fdff,fbfb,fbfb,fdfd,00fe,0000,fdff,fbfb,fbfb,
H13d fdfd,ffff,ffff,fcfd,fbfb,fbfb,fefd,fffe,fefe,fbfc,fafa,fafa,fdfc,fefe,fdfe,fafb,
H13e f9f9,f9f9,fcfa,fdfd,fbfc,f9fa,f8f8,f9f9,fcfa,fdfd,fbfc,f9fa,f8f8,0000,0000,0000,
H13f 0000,0000,0000,0000,0000,0000,0000,0000,0000,0000,0000,0000,0000,0000,0000,0000,
H140 0000,0000,0000,0000,0000,0000,0000,0000,0000,0000,0000,0000,0000,0000,0000,0000,
H141 0000,0000,0000,0000,0000,0000,0000,0000,0000,0000,0000,0000,0000,0000,0000,0000,
H142 0000,0000,0000,0000,0000,0000,0000,0000,0000,0000,0000,0000,0000,0000,0000,0000,
H143 0000,0000,0000,0000,0000,0000,0000,0000,0000,0000,0000,0000,0000,0000,0000,0000,
H144 0000,0000,0000,0000,0000,0000,0000,0000,0000,0000,0000,0000,0000,0000,0000,0000,
H145 0000,0000,0000,0000,0000,0000,0000,0000,0000,0000,0000,0000,0000,0000,0000,0000,
H146 0000,0000,0000,0000,0000,0000,0000,0000,0000,0000,0000,0000,0000,0000,0000,0000,
H147 0000,0000,0000,0000,0000,0000,0000,0000,0000,0000,0000,0000,0000,0000,0000,0000,
H148 0000,0000,0000,0000,0000,0000,0000,0000,0000,0000,0000,0000,0000,0000,0000,0000,
H149 0000,0000,0000,0000,0000,0000,0000,0000,0000,0000,0000,0000,0000,0000,0000,0000,
H14a 0000,0000,0000,0000,0000,0000,0000,0000,0000,0000,0000,0000,0000,0000,0000,0000,
H14b 0000,0000,0000,0000,0000,0000,0000,0000,0000,0000,0000,0000,0000,0000,0000,0000,
H14c 0000,0000,0000,0000,0000,0000,0000,0000,0000,0000,0000,0000,0000,0000,0000,0000,
H14d 0000,0000,0000,0000,0000,0000,0000,0000,0000,0000,0000,0000,0000,0000,0000,0000,
H14e 0000,0000,0000,0000,0000,0000,0000,0000,0000,0000,0000,0000,0000,0000,0000,0000,
H14f 0000,0000,0000,0000,0000,0000,0000,0000,0000,0000,0000,0000,0000,0000,0000,0000,
H150 0000,0000,0000,0000,0000,0000,0000,0000,0000,0000,0000,0000,0000,0000,0000,0000,
H151 0000,0000,0000,0000,0000,0000,0000,0000,0000,0000,0000,0000,0000,0000,0000,0000,
H152 0000,0000,0000,0000,0000,0000,0000,0000,0000,0000,0000,0000,0000,0000,0000,0000,
H153 0000,0000,0000,0000,0000,0000,0000,0000,0000,0000,0000,0000,0000,0000,0000,0000,
H154 0000,0000,0000,0000,0000,0000,0000,0000,0000,0000,0000,0000,0000,0000,0000,0000,
H155 0000,0000,0000,0000,0000,0000,0000,0000,0000,0000,0000,0000,0000,0000,0000,0000,
H156 0000,0000,0000,0000,0000,0000,0000,0000,0000,0000,0000,0000,0000,0000,0000,0000,
H157 0000,0000,0000,0000,0000,0000,0000,0000,0000,0000,0000,0000,0000,0000,0000,0000,
H158 0000,0000,0000,0000,0000,0000,0000,0000,0000,0000,0000,0000,0000,0000,0000,0000,
H159 0000,0000,0000,0000,0000,0000,0000,0000,0000,0000,0000,0000,0000,0000,0000,0000,
H15a 0000,0000,0000,0000,0000,0000,0000,0000,0000,0000,0000,0000,0000,0000,0000,0000,
H15b 0000,0000,0000,0000,0000,0000,0000,0000,0000,0000,0000,0000,0000,0000,0000,0000,
H15c 0000,0000,0000,0000,0000,0000,0000,0000,0000,0000,0000,0000,0000,0000,0000,0000,
H15d 0000,0000,0000,0000,0000,0000,0000,0000,0000,0000,0000,0000,0000,0000,0000,0000,
H15e 0000,0000,0000,0000,0000,0000,0000,0000,0000,0000,0000,0000,0000,0000,0000,0000,
H15f 0000,0000,0000,0000,0000,0000,0000,0000,0000,0000,0000,0000,0000,0000,0000,0000,
H160 0000,0000,0000,0000,0000,0000,0000,0000,0000,0000,0000,0000,0000,0000,0000,0000,
H161 0000,0000,0000,0000,0000,0000,0000,0000,0000,0000,0000,0000,0000,0000,0000,0000,
H162 0000,0000,0000,0000,0000,0000,0000,0000,0000,0000,0000,0000,0000,0000,0000,0000,
H163 0000,0000,0000,0000,0000,0000,0000,0000,0000,0000,0000,0000,0000,0000,0000,0000,
H164 0000,0000,0000,0000,0000,0000,0000,0000,0000,0000,0000,0000,0000,0000,0000,0000,
H165 0000,0000,0000,0000,0000,0000,0000,0000,0000,0000,0000,0000,0000,0000,0000,0000,
H166 0000,0000,0000,0000,0000,0000,0000,0000,0000,0000,0000,0000,0000,0000,0000,0000,
H167 0000,0000,0000,0000,0000,0000,0000,0000,0000,0000,0000,0000,0000,0000,0000,0000,
H168 0000,0000,0000,0000,0000,0000,0000,0000,0000,0000,0000,0000,0000,0000,0000,0000,
H169 0000,0000,0000,0000,0000,0000,0000,0000,0000,0000,0000,0000,0000,0000,0000,0000,
H16a 0000,0000,0000,0000,0000,0000,0000,0000,0000,0000,0000,0000,0000,0000,0000,0000,
H16b 0000,0000,0000,0000,0000,0000,0000,0000,0000,0000,0000,0000,0000,0000,0000,0000,
H16c 0000,0000,0000,0000,0000,0000,0000,0000,0000,0000,0000,0000,0000,0000,0000,0000,
H16d 0000,0000,0000,0000,0000,0000,0000,0000,0000,0000,0000,0000,0000,0000,0000,0000,
H16e 0000,0000,0000,0000,0000,0000,0000,0000,0000,0000,0000,0000,0000,0000,0000,0000,
H16f 0000,0000,0000,0000,0000,0000,0000,0000,0000,0000,0000,0000,0000,0000,0000,0000,
H170 0000,0000,0000,0000,0000,0000,0000,0000,0000,0000,0000,0000,0000,0000,0000,0000,
H171 0000,0000,0000,0000,0000,0000,0000,0000,0000,0000,0000,0000,0000,0000,0000,0000,
H172 0000,0000,0000,0000,0000,0000,0000,0000,0000,0000,0000,0000,0000,0000,0000,0000,
H173 0000,0000,0000,0000,0000,0000,0000,0000,0000,0000,0000,0000,0000,0000,0000,0000,
H174 0000,0000,0000,0000,0000,0000,0000,0000,0000,0000,0000,0000,0000,0000,0000,0000,
H175 0000,0000,0000,0000,0000,0000,0000,0000,0000,0000,0000,0000,0000,0000,0000,0000,
H176 0000,0000,0000,0000,0000,0000,0000,0000,0000,0000,0000,0000,0000,0000,0000,0000,
H177 0000,0000,0000,0000,0000,0000,0000,0000,0000,0000,0000,0000,0000,0000,0000,0000,
H178 0000,0000,0000,0000,0000,0000,0000,0000,0000,0000,0000,0000,0000,0000,0000,0000,
H179 0000,0000,0000,0000,0000,0000,0000,0000,0000,0000,0000,0000,0000,0000,0000,0000,
H17a 0000,0000,0000,0000,0000,0000,0000,0000,0000,0000,0000,0000,0000,0000,0000,0000,
H17b 0000,0000,0000,0000,0000,0000,0000,0000,0000,0000,0000,0000,0000,0000,0000,0000,
H17c 0000,0000,0000,0000,0000,0000,0000,0000,0000,0000,0000,0000,0000,0000,0000,0000,
H17d 0000,0000,0000,0000,0000,0000,0000,0000,0000,0000,0000,0000,0000,0000,0000,0000,
H17e 0000,0000,0000,0000,0000,0000,0000,0000,0000,0000,0000,0000,0000,0000,0000,0000,
H17f 0000,0000,0000,0000,0000,0000,0000,0000,0000,0000,0000,0000,0000,0000,0000,0000,
H180 0000,1f8c,3a4a,4c29,526f,4c29,3a4a,1f8c,0000,e074,c5b6,b3d7,ad91,b3d7,c5b6,e074,
H181 0000,0000,0000,0000,0000,0000,0000,0000,0000,0000,0000,0000,0000,0000,0000,0000,
H182 0000,0000,0000,0000,0000,0000,0000,0000,0000,0000,0000,0000,0000,0000,0000,0000,
H183 0000,0000,0000,0000,0000,0000,0000,0000,0000,0000,0000,0000,0000,0000,0000,0000,
H184 0000,0000,0000,0000,0000,0000,0000,0000,0000,0000,0000,0000,0000,0000,0000,0000,
H185 0000,0000,0000,0000,0000,0000,0000,0000,0000,0000,0000,0000,0000,0000,0000,0000,
H186 0000,0000,0000,0000,0000,0000,0000,0000,0000,0000,0000,0000,0000,0000,0000,0000,
H187 0000,0000,0000,0000,0000,0000,0000,0000,0000,0000,0000,0000,0000,0000,0000,0000,
H188 0000,0000,0000,0000,0000,0000,0000,0000,0000,0000,0000,0000,0000,0000,0000,0000,
H189 0614,0000,0000,0000,0000,0000,0000,0000,0000,0000,0000,0000,0000,0000,0000,0000,
H18a 0000,0000,0000,0000,0000,0000,0000,0000,0000,0000,0000,0000,0000,0000,0000,0000,
H18b 0000,0000,0000,0000,0000,0000,0000,0000,0000,0000,0000,0000,0000,0000,0000,0000,
H18c 0000,0000,0000,0000,0000,0000,0000,0000,0000,0000,0000,0000,0000,0000,0000,0000,
H18d 0000,0000,0000,0000,0000,0000,0000,0000,0000,0000,0000,0000,0000,0000,0000,0000,
H18e c864,c864,c864,c864,c864,c864,c864,c864,c864,c864,c864,c864,c864,c864,c864,c864,
H18f c864,c864,c864,c864,c864,c864,c864,c864,c864,c864,c864,c864,c864,c864,c864,0000,
H190 0000,0014,3a0a,5f0a,180a,0110,024e,044c,01f0,0190,00f0,0000,0000,0000,0000,0005,
H191 0000,0000,0000,0000,0000,0000,0000,0000,0000,0000,0000,0000,0000,0000,0000,0000,
H192 0000,0000,0000,0000,0000,0000,0000,0000,0000,0000,0000,0000,0000,0000,0000,0000,
H193 0000,0000,0000,0000,0000,0000,0000,0000,0000,0000,0000,0000,0000,0000,0000,0000,
H194 0000,0000,0000,0000,0000,0000,0000,0000,0000,0000,0000,0000,0000,0000,0000,0000,
H195 0000,0000,0000,0000,0000,0000,0000,0000,0000,0000,0000,0000,0000,0000,0000,0000,
H196 0000,0000,0000,0000,0000,0000,0000,0000,0000,0000,0000,0000,0000,0000,0000,0000,
H197 0000,0000,0000,0000,0000,0000,0000,0000,0000,0000,0000,0000,0000,0000,0000,0000,
H198 0000,0000,0000,0000,0000,0000,0000,0000,0000,0000,0000,0000,0000,0000,0000,0000,
H199 0000,0000,0000,0000,0000,0000,0000,0000,0000,0000,0000,0000,0000,0000,0000,0000,
H19a 0000,0000,0000,0000,0000,0000,0000,0000,0000,0000,0000,0000,0000,0000,0000,0000,
H19b 0000,0000,0000,0000,0000,0000,0000,0000,0000,0000,0000,0000,0000,0000,0000,0000,
H19c 0000,0000,0000,0000,0000,0000,0000,0000,0000,0000,0000,0000,0000,0000,0000,0000,
H19d 0000,0000,0000,0000,0000,0000,0000,0000,0000,0000,0000,0000,0000,0000,0000,0000,
H19e 0505,0909,0d0d,1111,0000,0000,0000,0000,0000,0000,0000,0000,0000,0000,0000,0000,
H19f 0000,0000,0000,0000,0000,0000,0000,0000,0000,0000,0000,0000,0000,0000,0000,0000,
H1a0 0001,0fc1,0232,0800,1010,1010,1010,0007,06a2,0686,0002,2020,1820,1818,1010,ffff,
H1a1 ffff,4444,4444,0001,0fc1,0232,0800,1010,1010,1010,0010,06a2,0886,0888,2020,1820,
H1a2 1818,1010,ffff,ffff,3333,3333,0001,0fc1,0232,0800,2010,3c30,2832,0028,06a2,0886,
H1a3 0888,2020,1820,1818,1010,ffff,ffff,3333,3333,7777,7777,7777,7777,7777,5777,0080,
H1a4 0180,0009,0006,0009,0006,0009,0006,3333,4333,7777,6677,0000,0000,0000,0000,0000,
H1a5 0000,0000,0000,0000,0000,0000,0000,0000,0000,0000,0000,0000,0000,0000,0000,0000,
H1a6 8d8d,8d8d,9a80,80b3,9a9a,9a9a,809a,9a80,9a9a,9a9a,b3b3,b3b3,809a,9a80,9a9a,9a9a,
H1a7 8d8d,8d8d,001f,0000,0000,0000,0000,0000,0000,0000,0000,0000,0000,0000,0000,0000,
H1a8 7777,6777,7777,7777,6666,5666,7777,6677,5555,4555,7777,6677,0000,0000,0000,0000,
H1a9 0010,0030,001c,0000,0075,0086,0093,00d4,ffdc,000c,000a,0000,0070,0086,009f,00c1,
H1aa 0010,0030,001c,0000,0075,0086,0093,00c1,ffdc,000c,000a,0000,0070,0086,009f,00b0,
H1ab 0010,0030,001c,0000,0075,0086,0093,00c1,ffdc,000c,000a,0000,0070,0086,009f,00b0,
H1ac 6651,5655,999a,9999,0008,0045,0045,0045,0045,0000,0000,060a,0a06,0309,0606,0009,
H1ad 04b0,0000,2222,4422,ffff,ffff,000f,0080,0080,0080,0080,0000,001f,0050,0000,0000,
H1ae 0000,0000,0000,4444,4444,0000,0000,000f,0000,001f,00ff,0000,00ff,0000,0000,0000,
H1af 0000,0000,0000,0000,0000,0000,0000,0000,0000,0000,0000,0000,0000,0000,0000,0000,
H1b0 0099,4344,4344,4344,4344,4344,4344,4344,0000,0099,0000,0000,0000,0000,0000,0000,
H1b1 0000,0000,0000,0000,0000,0000,0000,0000,0000,0000,0000,0000,0000,0000,0000,0000,
H1b2 0120,1010,1010,0000,0000,0000,2626,2626,0041,0041,0041,0001,0000,0000,0000,0000,
H1b3 0000,0000,0000,0000,0000,0000,0000,0000,0000,0000,0000,0000,0000,0000,0000,0000,
H1b4 051b,0031,0f0f,0b0b,1919,1919,1718,1718,0000,0000,0f04,5500,5555,5500,5555,77ff,
H1b5 1313,0000,0000,0000,0000,000d,0030,0000,0066,0000,0000,0000,0000,0000,0000,0000,
H1b6 7878,8787,025b,025b,0258,0258,025c,025c,7b7b,8484,0000,0000,0000,0000,0000,0000,
H1b7 0000,0000,0000,0000,0000,0000,0000,0000,0000,0000,0000,0000,0000,0000,0000,0000,
H1b8 0000,0000,0000,0000,0000,0000,0000,0000,0000,0000,0000,0000,0000,0000,0000,0000,
H1b9 0000,0000,0000,0000,0000,0000,0000,0000,0000,0000,0000,0000,0000,0000,0000,0000,
H1ba 0a04,0300,0021,0000,0000,0000,0000,0000,0000,0000,0000,0000,0000,0000,0000,0000,
H1bb 8080,0115,0115,015a,015a,00e6,00e6,029a,029a,00c8,00c8,0076,0076,0000,0000,0000,
H1bc 00e0,00e0,05ad,05ad,2f08,2f08,0303,0f1d,2d27,06b5,06b5,0000,0000,0000,0000,0000,
H1bd 015a,015a,00e6,00e6,00e0,00e0,0808,2d03,0000,0000,0000,0000,0000,0000,0bb8,0bb8,
H1be 0000,0000,0000,0000,0000,0000,0000,0000,0000,0000,0000,0000,0000,0000,0000,0000,
H1bf 0000,0000,0000,0000,0000,0000,0000,0000,0000,0000,0000,0000,0000,0000,0000,0000,
H1c0 0000,0000,ffff,04b0,0960,0000,6666,6666,0034,0034,0034,003c,0040,0040,0040,0040,
H1c1 0002,0000,ffff,ffff,ffff,ffff,000f,0001,0000,0005,0080,ffff,ffff,ffff,ffff,000f,
H1c2 0080,2222,3322,5433,ea86,000f,0080,0000,0000,0000,0000,0000,0080,0000,0000,0000,
H1c3 0000,0000,0080,0000,0000,0000,0000,0000,0080,0000,0000,0000,0000,0000,0014,0014,
H1c4 0028,0040,0080,0080,0000,0000,0000,0000,0000,0000,0000,0000,0000,0000,0010,0010,
H1c5 0000,0000,0000,0000,00ff,00ff,0000,0000,0000,0000,00ff,00ff,0000,0000,0000,0000,
H1c6 0a0a,0a0a,0a0a,0a0a,00ff,00ff,0a0a,0a0a,0a0a,0a0a,00ff,00ff,333b,0003,0000,0000,
H1c7 2020,1212,1212,1212,00ff,00ff,2020,1212,1212,1212,00ff,00ff,888a,0008,0000,0000,
H1c8 5050,2020,2020,2020,00ff,00ff,5050,2020,2020,2020,00ff,00ff,888c,0008,0000,0000,
H1c9 5050,2020,2020,2020,00ff,00ff,5050,2020,2020,2020,00ff,00ff,888c,0008,0000,0000,
H1ca 0100,fda8,fda8,0000,0000,0000,0000,0000,0000,0000,0000,0000,0000,0000,0000,0100,
H1cb 0080,0000,0000,0000,0000,0000,0080,0000,0000,0000,0000,0000,0001,004b,0050,0064,
H1cc 0000,0000,0000,0000,0050,0050,0050,0050,0018,0000,0000,ff00,ffff,000f,0000,0005,
H1cd 0008,0008,0008,0008,0030,0030,0030,0030,0002,2211,6543,6666,2345,0001,0001,0002,
H1ce 0008,0020,0002,2211,6543,6666,2345,0001,0001,0002,0010,0030,0002,ffff,ffff,ffff,
H1cf acde,0008,0001,0001,0010,0050,0002,ffff,ffff,ffff,cdef,000c,0001,0000,0001,0101,
H1d0 0500,0580,1e46,ffab,ffd5,04c0,0100,0100,0180,7400,3500,ff80,0180,012a,0300,0280,
H1d1 0080,0080,01fc,007f,0580,0600,0700,0780,143c,8e08,04c0,05c0,0000,0000,1000,0a14,
H1d2 0080,0380,0380,0140,7fff,0502,1005,2505,0500,0143,ffff,0000,8000,0143,0180,027f,
H1d3 0140,ff80,0010,0010,0020,0040,0064,01ff,0005,0032,0000,1408,0040,0080,0015,0080,
H1d4 0000,0100,0100,0200,0280,0380,ff80,0014,0085,0580,0019,190f,ffc4,ffff,0010,0300,
H1d5 0050,0050,0050,0004,0018,0020,0580,0700,0258,000d,2020,1010,0020,0018,0008,0102,
H1d6 ff9c,ffce,0fff,1000,03e8,0fa2,0400,0000,ff9c,ffce,0fff,1000,03e8,0fa2,0400,0000,
H1d7 ff80,ff80,ff80,ff80,ff80,0000,0100,0200,0280,0300,0000,0000,0000,0000,0000,0000,
H1d8 0000,ffec,ffab,1e0f,ffda,00c0,04b0,0600,fe80,8000,0404,0804,0201,0104,0100,0201,
H1d9 8000,0401,0203,101d,1e03,0f03,0360,fff0,fff0,ffd5,ffd5,ffd5,640c,0203,1130,0400,
H1da 0006,0100,00c0,00da,0080,00c0,0100,8000,0064,01c0,301d,3080,001e,004b,04ba,020b,
H1db 0001,0030,8005,801b,001f,1fff,3fff,7fff,0303,0202,0602,100a,0800,0210,0200,0200,
H1dc 0400,0800,0c00,1000,0202,0602,2020,0800,0800,0800,0202,0202,6662,6860,00c8,0000,
H1dd 0200,6410,64a0,1d21,ffc0,0000,0280,0380,0055,0040,0080,00c0,0380,7fff,7fff,7fff,
H1de 0000,0000,0000,0000,0000,0000,5050,50dc,5050,0000,0000,7fff,7fff,7fff,0080,0200,
H1df 0000,0001,0100,0028,0000,01aa,0032,0000,0001,0000,0000,0000,0000,0000,0000,0000,
H1e0 0000,0001,0010,0010,0010,0010,0010,0010,0010,0010,0008,0008,0008,0008,ff80,ffff,
H1e1 8ace,4567,0004,0010,0010,0010,0010,0021,0021,0021,0021,0011,0011,0011,0011,fff8,
H1e2 ffff,bcde,789a,0006,0020,0020,0020,0020,0060,0060,0060,0060,0020,0020,0020,0020,
H1e3 ffff,ffff,ffff,ffff,000f,0041,0041,0041,0041,0104,0104,0104,0104,0040,0040,0040,
H1e4 0040,ffff,ffff,ffff,ffff,000f,0180,0180,0180,0180,0180,0180,0180,0180,0080,0080,
H1e5 0080,0080,ffff,ffff,ffff,ffff,000f,0050,0070,0070,0004,0018,0020,0580,0700,0258,
H1e6 0018,0018,0018,0018,0020,0020,0020,0020,000b,000b,000b,000b,ab93,6889,4446,4444,
H1e7 0002,0018,0018,0018,0018,0020,0020,0020,0020,0008,0008,0008,0008,ab93,6889,4446,
H1e8 4444,0002,0000,0000,0000,0000,0000,0000,0000,0000,0000,0000,0000,0000,0000,0000,
H1e9 0000,0000,0000,0000,0000,0000,0000,0000,0000,0000,0000,0000,0000,0000,0000,0000,
H1ea 0000,0000,0000,0000,0000,0000,0000,0000,0000,0000,0000,0000,0000,0000,0000,0000,
H1eb 0038,0064,0024,0048,0064,0078,007c,00d0,ffe8,001c,000c,0058,005c,0078,006c,00a8,
H1ec 0038,005c,0028,0040,006c,0084,0090,00dc,ffe8,0014,000e,0054,0064,0084,0078,00b4,
H1ed 0038,0054,0028,0040,0074,0088,0098,00e8,ffe8,0010,000e,0054,006c,0090,0084,00c0,
H1ee 0038,0040,002e,0038,0082,008c,00a4,00e8,ffe8,000c,0012,0054,0074,009c,0090,00c8,
H1ef 0044,0024,0038,0024,0090,0090,00c8,00e8,ffe8,0000,0016,0048,007c,00a8,00a4,00d0,
H1f0 6666,6666,0040,0040,0040,0040,0040,0040,0040,0040,6666,6666,0040,0040,0040,0040,
H1f1 0040,0040,0040,0040,0010,0010,0010,0010,0010,0010,0010,0010,0000,0040,0096,0000,
H1f2 6666,6666,0040,0040,0040,0040,0040,0040,0040,0040,6666,6666,0040,0040,0040,0040,
H1f3 0040,0040,0040,0040,4420,4444,4444,0000,0000,0020,0002,0020,0003,000f,000f,000f,
H1f4 5050,4040,5050,4040,5050,4040,5050,4040,4040,4040,4040,4040,4040,4040,4040,4040,
H1f5 888c,0008,888c,0008,0004,0004,0020,0018,000c,0020,000c,0004,0004,0020,0000,0000,
H1f6 9494,9494,a8a8,a8a8,0000,0000,6868,6868,6060,6060,0000,0808,0000,0000,0000,0000,
H1f7 0030,0030,0030,0030,0030,0030,0030,0030,0026,001e,0058,0018,0018,0018,0018,0000,
H1f8 0010,0010,0010,0010,0030,0030,0030,0030,0002,4322,8765,8888,5678,0004,0001,0002,
H1f9 0010,0010,0010,0010,0048,0048,0048,0048,0002,cccc,cccc,8acc,5678,0004,0001,0002,
H1fa 0008,0008,0008,0008,0080,0080,0080,0080,0002,ffff,ffff,ffff,acde,0008,0001,0000,
H1fb 0010,0010,0010,0010,0100,0100,0100,0100,0002,ffff,ffff,ffff,cdef,000c,0001,0000,
H1fc 0000,0000,0000,0000,0080,0080,0080,0080,0001,8000,48ff,0024,0000,0000,0000,0001,
H1fd 6667,5566,0010,0020,0040,0080,0080,0060,0020,0010,0000,0000,0000,0080,081f,0000,
H1fe 00fa,02c3,0586,0fa0,2000,4020,0166,01f4,07d0,0b0c,2000,0020,2418,6020,002c,00b0,
H1ff 0040,4020,4020,0580,0900,0580,0900,4060,0040,0100,0080,0000,0000,0000,0000,00c8,
H200 036b,fe00,0000,0000,0000,0000,0000,036b,0dd2,fd9a,0e37,0000,0002,0000,0000,036b,
H201 036b,036b,0dd2,028a,0000,0728,0000,0000,012c,0000,0000,0004,0000,00c8,036b,0000,
H202 ff49,0422,0000,0000,0000,0000,fe00,e224,1986,e012,1b97,0080,0005,0000,fe00,0030,
H203 0000,0000,0000,fe00,fe00,0400,0000,0000,0000,0000,0000,0000,0000,0000,0000,0000,
H204 0000,0000,3a98,00ea,0316,0200,0000,000a,0000,0000,0000,0000,000a,000b,0000,0000,
H205 0000,0001,0002,0000,0000,0000,000b,0000,0000,0000,0000,0000,008c,4268,0000,0000,
H206 0000,0000,0000,0000,0000,0000,0000,0000,0000,0000,0000,0000,0000,0000,0000,0000,
H207 0001,0000,0000,0000,0238,0000,0000,0000,1000,000f,0000,41eb,005a,005a,0200,0002,
H208 fe00,0000,fd9a,0e37,0000,0000,0000,0000,0000,0000,0000,0003,0000,0000,0000,0066,
H209 0000,0000,0200,0200,0000,0000,0000,0000,0400,0400,0066,0000,0000,0000,0000,0000,
H20a 2797,2bee,0000,0000,2000,4000,000f,0000,0280,0280,0020,0384,0384,0001,0000,0000,
H20b 008c,0066,005a,005a,0003,0005,0003,0005,000f,000f,0004,0000,0000,0000,0000,0004,
H20c 0020,0006,0001,000f,0000,0007,0000,111d,8011,00b0,0000,0000,0000,0001,00b0,0001,
H20d 2000,0002,000c,0000,0000,0000,0000,0000,0020,0040,0000,0000,0000,0000,0000,0000,
H20e 0050,0050,0000,0000,0000,0000,0000,0000,0000,0000,0000,0000,0000,0000,0000,0000,
H20f 0000,0000,0000,7fff,0000,0000,7fff,0000,0000,0000,0000,0000,0000,0300,05d1,012c,
H210 0000,0070,000f,0064,0000,0005,000f,0002,0002,0005,0004,0000,0000,0000,0000,0002,
H211 003c,0032,0015,0015,50a0,50a0,50a0,1818,0028,0028,0028,0018,0000,0000,0000,0000,
H212 0000,0000,0000,0000,0000,0000,0000,0004,0004,0004,0004,0004,0004,0004,0004,0004,
H213 0030,000a,0004,0004,0004,0004,0004,0004,0020,0004,0004,0004,0030,0150,0030,0150,
H214 0000,0000,0000,0000,0000,0000,0000,0000,0000,000f,0640,000a,0030,0150,0050,0050,
H215 0000,0000,014d,0111,03e8,fc18,0064,00aa,0190,0000,0000,0000,0000,0000,0000,0000,
H216 000c,0bb8,005a,003c,0000,0000,036b,0523,07d2,0b19,0dd2,0020,0020,0050,0090,0090,
H217 0000,0000,0000,0000,0000,0000,0000,0000,0000,0000,0000,0000,0000,0000,0000,0000,
H218 0000,0014,0028,003c,0050,006e,0096,00c8,0000,0004,000b,0014,001e,002d,0044,0064,
H219 0000,0000,0000,0000,0000,012c,0004,0080,ffff,0000,0000,0000,0000,0000,0040,0000,
H21a 0000,0000,0000,0000,0000,0000,0000,0000,0000,0000,0000,0000,0000,0000,0000,0000,
H21b 0004,0000,0000,0000,0008,0004,0000,0000,0020,0040,0000,0000,0020,0000,0000,0000,
H21c 0000,0000,0000,0000,0000,0011,0000,0000,0000,0000,0000,0000,0002,0100,0020,0080,
H21d 0000,0000,0000,0000,0000,00dd,e224,1986,0004,0300,0003,0010,0000,ffe0,0000,0020,
H21e 0000,0000,0000,0000,0300,0200,036b,0dd2,e224,1986,0005,0000,0000,0000,0005,0000,
H21f ff49,0728,0dd2,036b,1986,e224,0002,fdd5,0400,001e,0002,0001,0004,ffff,000a,0004,
H220 0400,ffff,0400,ffff,0400,ffff,0400,ffff,ffff,ffff,ffff,020a,020a,020a,0001,0013,
H221 4e20,0032,01e0,7fff,ffff,7fff,ffff,0000,0000,0000,0000,0000,0000,00c8,0046,02b8,
H222 0038,0046,0078,ffff,ffff,ffff,0050,005d,00a9,ffff,ffff,ffff,0000,0003,ffff,000f,
H223 0000,0000,0000,0000,0000,0000,0000,0000,0000,0000,0000,0000,0000,0000,0000,0000,
H224 0000,0000,0000,0000,0000,0000,0000,0000,0000,0000,0000,0000,0000,0000,0000,0000,
H225 0000,0000,0000,0000,0000,0000,0000,0000,0000,0000,0101,0000,000a,0000,0000,0000,
H226 0000,0000,0000,0000,0000,0000,0000,0000,0000,0000,0280,0500,0012,000c,0006,0000,
H227 0000,0000,0000,0014,000f,0000,0000,0000,0018,0400,0500,0096,0096,0000,0000,0050,
H228 0001,feeb,9778,ceef,1111,ffb9,8778,acff,1111,0000,0064,0032,0001,0064,0064,00e6,
H229 0000,0000,0000,0000,0000,0000,0000,0000,0000,0000,0000,0000,0000,0000,0000,0000,
H22a 0000,0000,0000,0000,0000,0000,0000,0000,0000,0000,0000,0000,0000,0000,0000,0000,
H22b 0003,0001,0002,0001,0000,0200,01c2,00b2,0000,0000,0005,0000,41a0,05dc,0000,0000,
H22c 0010,02ce,0609,08ca,1770,0000,0000,0000,0000,0000,0000,0000,0000,0030,0003,007a,
H22d 00e4,00e4,00e4,00e4,00e4,00e4,00e4,00e4,00e4,00e4,0609,006e,0002,0000,0000,0000,
H22e 0016,0039,004a,0060,0073,0086,0090,009b,00a4,00b2,0000,0000,0000,0000,0000,0000,
H22f 0004,0031,004a,007b,00ad,00f7,0141,01a4,01ee,02da,0000,0000,0000,0000,0000,0000,
H230 0000,0003,0028,004f,007e,0000,0000,0000,0201,0111,0500,0000,0001,0001,0161,0111,
H231 0b01,0104,0b02,0004,0b02,0004,0000,0000,0000,0000,ffff,03a7,4000,0200,ffff,0600,
H232 00b9,0064,0120,0005,0005,f000,12c6,2001,2001,7fff,ffff,0040,0000,ffff,1001,0000,
H233 0064,0064,0120,0007,000a,f000,0100,1001,4001,7fff,ffff,0040,0000,ffff,1801,0000,
H234 0064,0064,0120,000a,000c,f000,0110,0801,1001,7fff,ffff,0040,0000,ffff,0c01,5550,
H235 0000,0000,0003,0001,0505,0003,0000,0000,0000,0001,050a,0500,0080,0384,041a,0002,
H236 041a,4000,0100,ffff,0600,0005,0384,041a,0073,0000,0000,0000,008c,0000,0000,0000,
H237 0040,00a6,0100,1905,3c3c,000a,0dd2,004c,00a6,0100,004c,00a6,0100,0501,020e,1006,
H238 01fc,01fc,006e,0305,6450,647d,3050,008f,00ab,01fc,0000,01fc,0064,0401,0078,00c8,
H239 012b,024b,0072,012b,024b,01c2,03e8,0201,0a03,0b0b,00fa,0096,0800,0480,0860,0860,
H23a 0500,0600,0280,0380,0500,0600,0113,0040,0060,00b2,0046,0080,002b,ff95,0046,ffc0,
H23b 0040,00a6,0100,004c,00a6,0100,0040,00a6,0100,1105,012a,0a04,1905,003c,000a,00c8,
H23c 0015,0100,0040,00a6,0100,5010,0fff,0000,0015,002a,301e,0f00,0000,002a,0013,0f0f,
H23d 0280,0380,0080,0c0c,0915,01c0,00f8,0000,1200,00c0,0000,0000,0c0a,000f,0280,002b,
H23e 0000,0008,000a,0064,0028,0400,0700,014f,014f,014f,03a2,042e,03a2,042e,0108,014f,
H23f 014f,014f,014f,0384,044c,0384,044c,050a,0202,0100,fda8,0258,037c,00aa,020d,0503,
H240 0000,0000,0000,0000,0000,0000,0000,0000,0000,0000,0000,0000,0000,0000,0000,0000,
H241 3030,001e,0100,0100,0040,0000,3a30,0900,6c3c,6662,02e0,02c7,0298,0298,040a,0201,
H242 0000,0000,0000,0000,0000,0000,0000,0000,0000,0000,0000,0000,0000,0000,0000,0000,
H243 0000,0000,0000,0000,0540,0280,0600,00c8,ffff,0280,0400,0180,0180,1e05,fffb,201f,
H244 028c,0000,0103,0000,ff6e,0055,028c,0000,0580,03c0,1e01,0700,0100,001e,070a,0002,
H245 0154,001a,0026,0806,0005,0700,0400,0480,ffab,ffab,182d,0005,000a,0300,000f,0064,
H246 1d3d,2d0d,3e1e,0e2e,2101,0e00,3434,3434,4434,3434,0031,0008,1727,0828,0e19,0040,
H247 1d3d,2d0d,3e1e,0e2e,2101,0e00,3434,3434,4434,3434,0031,0008,1727,0929,0e19,0040,
H248 000a,0000,0000,0006,0000,1000,0018,0188,ffff,0002,0003,0000,0000,0188,ffff,0000,
H249 0064,0250,0960,0bb8,0000,04b0,0708,0100,00fa,0708,07d0,0960,0100,0003,0102,0201,
H24a 0070,0080,0070,0004,0018,0020,0580,0700,0258,0000,0000,0008,0010,0204,0002,8080,
H24b 0000,0258,04a6,0708,0960,014d,0148,0148,0143,013e,013e,ffff,ffff,ffff,ffff,ffff,
H24c 0080,0143,0000,0000,0000,0000,0000,027f,8000,7fff,0143,0000,ffff,ffff,0000,0000,
H24d ffff,0280,7f80,7f80,7f80,0000,0080,0000,0003,0400,0480,0000,0000,3fff,0000,0480,
H24e 0000,0000,0001,0100,0000,0000,0002,0100,0000,0100,0000,0100,0000,0000,0000,0000,
H24f 0000,0000,0000,0000,0000,0000,0000,0000,0000,0100,0100,0201,0100,0000,0300,0007,
H250 0000,0000,0000,0000,0000,0000,0000,0000,0000,0000,0000,0000,0000,0000,0000,0000,
H251 0780,01e0,0000,0000,0000,0000,0000,0000,00c8,00c3,0060,005e,00c8,00c3,0060,005e,
H252 00c8,00c3,0060,005e,a5a5,2d2d,4040,1a20,5000,0050,1642,03e1,0000,0000,0000,0000,
H253 03c0,03e1,03e5,03e7,0398,02bc,03e7,0000,03de,03de,0307,0307,0307,0307,0703,0503,
H254 503c,3c3c,0006,5a5a,5a5a,0384,0384,0203,0203,0500,03a2,0203,0302,03ff,0000,0000,
H255 0000,0000,0000,0000,0000,0000,0000,0000,0000,0000,0000,0000,0000,0000,0000,0000,
H256 0202,0000,9040,5005,140e,0800,0219,2000,1812,0c03,0018,0320,0084,0684,0854,1010,
H257 0248,01c3,0248,01d8,040a,0303,000f,01f4,0200,0707,0096,1388,062d,0008,0001,0000,
H258 0081,0058,0002,0081,0058,0002,002c,0018,0002,002c,0018,0002,0000,0002,0198,0001,
H259 001f,001f,000a,0017,000f,01f4,0702,0096,0006,0064,0000,0000,0000,0000,06c0,34bc,
H25a 0050,0882,056a,012c,000d,0000,085f,0808,0808,0000,0000,0032,0b03,461e,0000,0000,
H25b 01c1,0a04,0021,012c,0004,056b,056b,0000,0000,0000,0000,0000,0000,0000,0000,0000,
H25c 30ff,00d2,0000,0000,0060,0020,0048,0008,0204,0408,0fff,0800,0800,00b4,0400,0707,
H25d 01ef,0000,03d0,0030,40c0,40c0,7070,20e0,20e0,7070,0060,0010,0180,0000,0000,0000,
H25e 01d0,03cd,0033,0063,0063,0027,0027,07d0,080a,0298,0167,0298,0167,ffff,0a1e,010a,
H25f 9300,0000,00a0,03e7,03e7,0000,01e0,01e0,0700,0780,0708,445c,0000,0199,0199,01e0,
H260 0000,0000,05dc,0000,0000,0501,001c,00c8,0064,05dc,009b,170b,2364,0203,a99b,008d,
H261 2580,0050,0a03,0301,0000,0000,0a05,2580,0110,0101,0000,0032,0096,0064,0096,012c,
H262 0628,0a05,0015,0040,0500,0000,0100,0280,0000,0000,0000,0000,0258,03ab,0011,0000,
H263 0050,0064,0078,00b4,00fa,012c,0190,01f4,028a,0352,044c,05dc,0708,09c4,0bb8,0fa0,
H264 1388,1b58,2328,2ee0,c350,c350,c350,c350,c350,c350,c350,c350,c350,c350,c350,c350,
H265 0019,0032,0064,0096,00c8,00fa,012c,015e,0190,01c2,01f4,0226,0258,028a,02bc,02ee,
H266 0320,0352,0384,03b6,03e8,041a,044c,047e,04b0,04e2,0514,0546,0578,05aa,05dc,060e,
H267 0200,0300,0200,0300,0200,0300,0000,0000,0000,0001,6666,6666,0040,0040,0040,0040,
H268 0040,0040,0040,0040,0001,6666,6666,0040,0040,0040,0040,0040,0040,0040,0040,0000,
H269 0006,000a,0018,0028,0006,000a,0018,0028,0006,000a,0018,0028,0006,000a,0018,0028,
H26a 0005,0005,0007,0013,0005,0005,0007,0013,0005,0005,0007,0013,0005,0005,0007,0013,
H26b 0005,0005,0007,0013,0005,0005,0007,0013,0005,0005,0007,0013,0005,0005,0007,0013,
H26c eeff,eeff,ffff,ffff,abcd,abcd,bdff,bdff,2468,2468,789a,789a,1122,1122,1246,1246,
H26d 0000,0000,0000,0000,8888,8888,8888,8888,dddd,dddd,88cc,88cc,0000,8888,5577,5577,
H26e 0000,0000,1122,1122,0000,0000,0000,0000,0010,0010,0010,0010,0203,0302,0506,0504,
H26f 0003,0000,0406,0604,0101,0101,0101,0101,0000,0001,0000,0040,0000,0000,00ff,0000,
H270 0030,0030,0040,0050,0030,0030,0040,0050,0030,0030,0040,0050,0030,0030,0040,0050,
H271 0014,0030,0030,0030,0014,0030,0030,0030,0014,0030,0030,0030,0014,0030,0030,0030,
H272 0014,0030,0030,0030,0014,0030,0030,0030,0014,0030,0030,0030,0014,0030,0030,0030,
H273 eeff,eeff,ffff,ffff,abcd,abcd,bdff,bdff,2468,2468,789a,789a,1122,1122,1246,1246,
H274 0000,0000,0000,0000,8888,8888,8888,8888,88dd,88cc,88cc,88cc,4466,6677,5577,5577,
H275 1122,1122,1122,1122,0000,0000,0000,0000,0010,0010,0010,0010,6464,0070,002a,0070,
H276 0060,0060,00c6,0188,0203,0302,0d10,1210,6e64,7864,0101,0101,0101,0101,0101,6464,
H277 a0a0,a0a0,a0a0,a0a0,2020,2020,2020,2020,6060,6060,0000,0000,0000,0000,0000,0000,
H278 4040,4040,4040,4040,a0a0,a0a0,a0a0,a0a0,6060,6060,0404,8080,0000,2020,0303,2020,
H279 6060,6060,a8a8,a8a8,0000,0000,6868,6868,6060,6060,0000,0000,0000,0000,0000,0000,
H27a 9494,9494,a8a8,a8a8,0000,0000,6868,6868,6060,6060,0000,0000,0000,0000,0000,0000,
H27b 1010,1010,1010,1010,2020,1010,2020,1010,1010,1010,0000,0000,0000,0000,0000,0303,
H27c 3838,1f19,3838,1f19,7158,4f3d,7158,4f3d,4343,2e24,0000,0000,0000,0000,0000,0303,
H27d 4545,2d24,4545,2d24,7158,7158,7158,7158,4343,4334,0002,0000,0000,0000,0000,0000,
H27e 3838,1f19,3838,1f19,7158,4f3d,7158,4f3d,4343,2e24,0000,0000,0000,0000,0000,0303,
H27f 3838,1f19,3838,1f19,7158,4f3d,7158,4f3d,4343,2e24,0000,0000,0000,0000,0000,0303,
H280 2020,2020,2020,2020,7070,7070,7070,7070,3030,3030,0404,0404,0303,0303,0303,0303,
H281 2020,2020,2020,2020,7070,7070,7070,7070,3030,3030,0303,0303,0303,0303,0303,0303,
H282 00f0,0010,00e8,0000,000a,0000,0010,0000,0000,0000,00f0,0010,00c0,0000,000a,0000,
H283 0001,0000,0001,0000,0000,0000,0040,0005,0000,8888,8888,8888,8888,0008,0000,0c0a,
H284 050a,0301,8000,8000,8000,0016,0012,000f,0001,0000,0000,0258,04b0,140a,0101,0705,
H285 2020,2020,2020,2020,7070,7070,7070,7070,3030,3030,0303,0303,0303,0303,0303,0303,
H286 0018,0018,0018,0018,0018,0018,0018,0018,0018,0018,0018,0018,0018,0018,0018,0018,
H287 00ff,00ff,00ff,00ff,00ff,00ff,00ff,00ff,00ff,00ff,00ff,00ff,00ff,00ff,00ff,00ff,
H288 8874,8874,8888,8888,0008,0008,0000,0000,0000,0000,ff74,ff74,cccc,cccc,000c,000c,
H289 0000,0000,0000,0000,ffec,006f,0000,0080,0000,0041,0020,0000,0020,0000,0020,0020,
H28a 0003,0087,0018,0000,0018,0000,0020,0020,8000,0900,0008,0008,0008,0000,0018,8000,
H28b 0000,0000,0002,0030,0050,00c0,8000,0900,0000,0080,0020,0000,0020,0000,0020,0020,
H28c 0000,0001,0004,0000,0040,0000,0000,00ff,0000,0009,0000,0030,0000,0000,00ff,0000,
H28d 0000,0000,0000,0000,0000,0000,0000,0000,0001,0000,0000,0003,0fff,0000,0000,0000,
H28e 0000,0008,00ff,01bd,0000,0030,0009,0000,0001,00d8,0000,01cc,0007,000b,0001,0001,
H28f 0064,0200,3f00,0000,0000,0000,0000,0000,00ff,0300,0400,0000,00ff,0000,0000,0000,
H290 0031,0001,0001,8ca8,5d4b,6d83,493a,5d71,3f32,004b,0960,0bb8,000a,0040,0000,0080,
H291 9494,9494,9494,9494,3838,3838,3838,3838,5050,5050,0404,0808,0202,0202,0202,0202,
H292 9494,9494,9494,9494,3838,3838,3838,3838,5050,5050,0404,0808,0202,0202,0202,0202,
H293 0a10,0101,0101,002a,efef,6060,6060,6060,0077,0000,0000,ffff,ffff,0000,0000,0000,
H294 0000,0000,0000,0000,0100,01fe,0014,0028,0014,0028,0014,0028,0014,0028,00bf,0169,
H295 0000,0040,0000,0040,0000,0040,0000,0040,0000,0000,001f,001f,0000,0000,0000,0000,
H296 0000,0000,0000,0000,0000,0000,0000,0000,0000,0000,0000,0000,0000,0000,0000,0000,
H297 6060,3030,6060,3030,0000,0000,0000,0000,4040,2020,0202,0808,0000,0000,0202,0505,
H298 0000,0000,0000,0000,0000,0000,0000,0000,0000,0000,0000,0000,0000,0000,0000,0000,
H299 000f,0000,0000,0000,0000,0000,0000,0000,0000,0000,0000,0000,0000,0000,0000,0000,
H29a 0000,0008,0001,0001,003c,0055,0032,004b,0064,0064,0064,0000,0000,0000,0000,0000,
H29b 0000,0000,0000,0000,0000,0000,0000,0000,0000,0000,0000,0000,0000,0000,0000,0000,
H29c 0030,0030,0000,0064,0073,0091,00aa,00c8,00c8,0046,0000,0000,0023,0023,0000,0000,
H29d 000c,0000,0014,0000,001e,0000,0028,0000,0000,0000,0000,0000,0000,0000,0000,0000,
H29e 0100,0064,0000,009a,009a,0006,0000,0000,0000,0000,0000,0000,0000,0000,0000,0000,
H29f 0000,0000,0000,0000,0000,0000,0000,0000,0000,0000,0000,0000,0000,0000,0000,0000,
H2a0 004c,006c,0170,0077,00e0,0005,00ee,0170,00e0,01b0,0090,0080,0110,0080,0135,0030,
H2a1 015c,012d,012d,00a3,00a5,014b,0210,0175,00d0,00c0,00c8,00e5,00ef,000c,0018,0010,
H2a2 0095,0039,00b4,00e8,0040,00b3,0079,00ff,00ea,0035,4010,0024,0024,0040,0030,407a,
H2a3 0006,0006,00f0,0000,0000,00f0,0025,08ca,0384,0018,0200,0000,0000,0200,0000,4e99,
H2a4 2418,0010,fff0,0010,fff0,4000,4000,4000,4000,0010,0009,00f0,0004,00f8,00fe,0006,
H2a5 00fc,000c,5599,9955,0519,9351,5090,9351,5295,5925,0000,0000,0000,0000,0000,0000,
H2a6 0010,0030,002c,0010,0068,0080,0080,00a4,ffdc,000c,0018,0010,0064,0080,0098,00a8,
H2a7 0010,0030,002c,0010,0068,0080,0080,00a4,ffdc,000c,0018,0010,0064,0080,0098,00a8,
H2a8 0010,0030,002c,0010,0068,0080,0080,00a4,ffdc,000c,0018,0010,0064,0080,0098,00a8,
H2a9 ffdc,000c,0038,0010,0070,0080,0098,00a8,0000,0000,508c,6e50,6478,6450,b48c,648c,
H2aa 15c7,0d38,f113,0d9a,0a53,e80f,0046,1c8d,012c,012c,012c,012c,01c2,01c2,012c,012c,
H2ab 0000,0605,0405,0000,0000,0000,ffe0,0004,0010,0029,005e,0078,0080,0084,0082,004f,
H2ac 009c,0080,00ba,00b3,00e2,00de,00fa,00f8,0108,0107,0115,0114,0121,0121,012f,012c,
H2ad 0138,0130,013f,0133,0146,0136,014d,0139,0153,013c,015b,013f,0162,0142,0169,0145,
H2ae 500a,5a1e,6414,0008,0040,006e,02bc,0514,0018,0008,0000,0000,00fa,0200,02c0,02aa,
H2af 00c2,0040,0046,022b,0600,8000,0c80,2bc0,0140,001e,005a,0080,000c,0580,0001,0000,
H2b0 1002,0000,0006,0538,fd00,0300,6e5a,7850,1000,0000,0000,00ac,0110,0401,0406,0301,
H2b1 0080,004e,0095,0076,00ca,00d0,00f3,010b,0130,0129,1313,0c10,0036,5039,3750,0035,
H2b2 2820,0000,008d,004f,0082,004f,0093,0070,0093,0070,00a1,0088,00a8,0094,00c1,00bf,
H2b3 0108,0107,00f0,00ed,0102,0101,0108,0107,0108,0107,010c,010b,0115,0114,0118,0117,
H2b4 0118,0117,011e,011e,0121,0121,0127,0127,0127,0127,0127,0127,012f,012c,0138,012f,
H2b5 013e,0132,0146,0136,0153,013c,0170,0149,0600,0152,012f,012c,012f,012c,0166,0144,
H2b6 012f,012c,012f,012c,0600,0152,0600,0152,0600,0152,60b0,90c8,19f0,bbc7,fae0,0000,
H2b7 00e2,012a,0123,00e3,00eb,00f0,0125,010e,0540,0640,0400,0400,0000,0000,0000,0000,
H2b8 0000,2800,0800,0100,0280,0060,0000,0000,546f,0407,8080,8080,7070,7070,8080,8080,
H2b9 a0a0,a0a0,b3b3,b3df,8080,8080,8080,809a,7878,7878,8080,8080,9090,9090,0000,5f68,
H2ba 00d4,0146,0136,00d9,0000,00d4,0146,0136,00d9,00e2,012a,0123,00e3,00eb,00f0,0125,
H2bb 010e,00eb,00f0,0125,010e,0000,0030,0003,0080,0060,0100,0040,0004,0005,0007,0005,
H2bc 0180,0280,0400,0460,04e0,0540,0580,0640,0700,0060,0018,0014,0014,0360,0460,0700,
H2bd 0010,0030,002c,0010,0068,0080,0080,00a4,ffdc,000c,0018,0010,0064,0080,0098,00a8,
H2be 0300,0008,0032,0019,0002,0030,0064,0001,0005,000a,0004,4814,2001,0a00,0f10,1432,
H2bf 0078,0500,0008,0108,0408,0e15,0060,0019,0025,0100,0180,0000,0000,0000,0000,0000,
H2c0 0010,0030,002c,0010,0075,0086,0086,00ac,ffdc,000c,0018,0010,0070,0086,009f,00b0,
H2c1 0010,0030,002c,0010,0068,0080,0080,00a4,ffdc,000c,0018,0010,0064,0080,0098,00a8,
H2c2 0010,0030,002c,0010,0068,0080,0080,00a4,ffdc,000c,0018,0010,0064,0080,0098,00a8,
H2c3 00c2,ffc0,0070,006d,0050,0050,0008,001c,0070,0015,03ff,0000,0000,0002,0000,0015,
H2c4 00c2,ffc0,0070,006d,0050,0040,0008,001c,0070,0006,03ff,0000,0000,0002,0000,0006,
H2c5 ff3d,003f,ff8f,ff92,0080,00a0,0008,001c,0070,0005,03ff,0000,0000,0002,0000,0014,
H2c6 0000,0000,1c02,0000,0000,0000,0000,000c,000a,0000,fc00,0000,0000,0000,0000,0000,
H2c7 0000,0000,0806,0000,0000,0000,0000,0200,0005,00f8,0000,0000,0000,0000,0fff,0fff,
H2c8 0010,0030,002c,0010,006d,0086,0086,00ac,ffdc,000c,0018,0010,0069,0086,009f,00b0,
H2c9 9888,c0a8,00ca,7850,c098,8060,c0a0,00e0,8050,c0a0,6040,a080,00c0,0000,ac88,ac88,
H2ca 6464,6464,6464,6464,6464,0000,0000,0000,0000,0000,8d8d,8d8d,5858,5858,aaaa,aaaa,
H2cb 00c2,ffc0,0070,006d,0050,0040,0008,001c,0070,0006,03ff,0000,0000,0002,0000,0006,
H2cc 00c2,ffc0,0070,006d,0040,0040,0008,001c,0070,0004,03ff,0000,0000,0003,0000,0004,
H2cd 0028,0040,0018,0020,0059,0066,006f,00b0,ffe0,0004,0010,0029,0054,006c,0073,0076,
H2ce ff3d,003f,ff8f,ff92,0080,00a0,0008,001c,0070,0007,03ff,0000,0000,0002,0000,0014,
H2cf 00c2,ffc0,0070,006d,0050,0040,0008,001c,0070,0008,03ff,0000,0000,0002,0000,0008,
H2d0 0000,080a,0030,0000,0000,0000,0190,0150,00c0,0040,0000,00c0,0078,000a,0064,0003,
H2d1 0000,0000,0057,00e7,0190,0320,044c,0514,05dc,06d6,07d0,0960,005a,00b4,0118,01c2,
H2d2 0276,03e8,05aa,0af0,000f,0023,005a,0096,00dc,01c2,02d0,06d6,0046,006e,00b4,00fa,
H2d3 015e,0212,0302,05a0,0019,00c8,01fe,09c4,000a,0064,0113,0064,000a,0000,0000,0000,
H2d4 0064,007d,0032,0046,0050,0082,0014,0028,003c,0080,0200,7878,7878,0064,0064,0000,
H2d5 0040,0001,0001,0001,0001,0046,0004,0014,0240,0000,00c8,07d0,00b4,0403,1932,0190,
H2d6 036b,055e,062e,0728,0980,0b19,0dd2,0dd2,0320,047e,041a,0546,0672,0866,076c,076c,
H2d7 0320,041a,03e8,04b0,0578,073a,076c,076c,0000,0000,0000,0000,0000,0000,0000,0000,
H2d8 0005,0003,0003,0018,1e1e,0000,0a23,001e,0010,0a0c,0505,2030,100e,1012,0705,0001,
H2d9 0000,0000,0000,0000,0000,0000,0000,0000,0000,0000,0000,0000,0000,0000,0000,0000,
H2da 0854,0111,0a95,0000,0000,0000,0000,0000,0000,0000,0000,0000,0000,0000,0000,0000,
H2db 0003,0006,00a0,0064,001e,000a,0064,00aa,008c,0000,0000,0000,181e,2730,1515,0c0c,
H2dc 0040,0101,0101,0328,0d08,0a0d,0006,6450,28c8,0a0d,0a0a,0a0a,10d0,060c,0006,0005,
H2dd 0005,3028,0030,0080,5040,0000,0a0a,0a30,0a0a,0105,0a0a,10a0,0a0d,0119,0c08,10f0,
H2de 0014,0504,0080,0080,0030,0004,0328,641e,0000,0b07,0014,1919,3028,0096,1008,0000,
H2df 0000,0005,0010,0018,0000,0000,0020,0000,0000,0000,000a,0008,0419,6464,0000,0000,
H2e0 0050,0050,0050,0050,0050,0050,0050,0050,8888,88cc,5577,1122,0000,0014,0014,0014,
H2e1 0014,0014,0014,0014,0014,ffff,aacc,88aa,0037,0000,0030,0030,0000,0000,0000,0000,
H2e2 8080,8080,8080,8080,a0a0,a0a0,a0a0,a0a0,6060,6060,0404,8080,0000,2020,0303,2020,
H2e3 4040,4040,4040,4040,a0a0,a0a0,a0a0,a0a0,6060,6060,0404,8080,0000,2020,0303,2020,
H2e4 0090,0090,0090,0090,0090,0090,0090,0090,ffff,88cc,5577,1122,0000,0018,0018,0018,
H2e5 0018,0018,0018,0018,0018,ffff,cddf,89ab,1245,0001,0018,0018,0000,0002,00a0,0020,
H2e6 0000,0080,0000,0018,000c,0000,00e0,000f,0000,0090,0200,0060,0006,0010,0030,0000,
H2e7 0010,0030,002c,0010,0074,0080,0080,00a4,ffdc,000c,0018,0010,0070,0080,0098,00a8,
H2e8 0000,0000,0000,0000,0000,0000,0000,0000,0000,0000,0000,0000,0000,0200,0000,0020,
H2e9 0000,0000,0000,0000,0000,0000,0000,0000,0000,0000,0000,0000,0100,0000,0200,0001,
H2ea 0000,0000,0000,0000,0000,0000,0200,0200,0200,0200,0000,0000,0000,0000,0000,0200,
H2eb 0000,0000,00f1,0000,0000,0000,0000,0000,0000,0000,0000,0000,0000,f0e8,fcf8,00fe,
H2ec 3200,2e79,3aaf,6068,6400,38de,6400,015e,1702,9712,0000,27bf,0000,6338,000f,000a,
H2ed 6666,6666,0018,0030,0048,0060,0060,0050,0050,0010,7fff,0030,0044,0046,0046,0040,
H2ee 0040,0040,0040,1e14,33f4,3200,4524,0320,0000,7c80,d8d8,d8d8,e000,e0e0,09f9,08f8,
H2ef 00f8,150c,0008,ebf8,0000,071e,00fb,e200,09f9,001b,00e0,0d24,f6dc,15eb,f600,0e09,
H2f0 0046,0019,0000,0003,0001,0000,0000,0000,0078,0046,0050,0030,0050,0000,0000,0000,
H2f1 0064,0020,0060,0040,0040,0060,0020,0000,0000,0000,0000,0000,0000,0000,0000,0000,
H2f2 0064,005a,0050,0046,003c,0032,0028,001e,0014,000a,0000,0000,0000,0000,0000,0000,
H2f3 00c8,0033,0064,0026,0032,0019,0000,0000,0000,0000,0000,0000,0000,0003,0003,0003,
H2f4 0000,0005,0040,0010,0000,0010,0000,0026,0080,0026,0001,0003,000a,0000,0002,0019,
H2f5 0000,0000,0000,0000,0000,0000,0000,0000,0000,0000,0019,001c,0205,0305,0014,001e,
H2f6 0000,0106,5428,5a1c,0000,0000,0000,0000,0000,0000,0000,0000,0000,0000,0000,0000,
H2f7 003c,003c,0064,0050,0078,0050,0078,0050,001e,0032,005a,003c,0041,004b,00d2,0001,
H2f8 000c,000c,0028,0028,0006,0001,0000,b333,9999,001e,b332,cccc,000a,0000,0000,0200,
H2f9 00dc,0101,0000,0000,0000,0000,0000,0000,005a,0001,0002,0080,00c0,0018,003c,0006,
H2fa 0000,0001,001a,0001,0100,0180,0032,0000,0000,000c,000c,0028,001e,0040,0030,0000,
H2fb 0000,0000,0000,0000,0000,0000,0000,0000,0000,0000,0000,0000,0000,0000,0000,0000,
H2fc 000a,03c5,03ec,03d8,0000,03ec,03d8,0000,03c5,03d8,03e9,03a6,03d8,03e9,03a6,03d8,
H2fd 03f3,0002,0080,0190,0000,000c,0000,0003,0000,0001,0000,0018,0007,0320,01f4,01f4,
H2fe 01c2,012c,012c,0000,019a,0000,0000,0000,0000,0000,0310,0310,0007,02b0,02b0,000c,
H2ff 0280,003c,0000,0007,0001,02e0,02e0,0032,002e,003c,0320,02d0,ffff,0000,0000,0000,
H300 ffff,ffff,ffff,ffff,0001,0a0a,0a0a,00ff,00ff,0a0a,0a0a,00ff,00ff,333b,0003,2020,
H301 1212,00ff,00ff,2020,1212,00ff,00ff,888a,0008,5050,2020,00ff,00ff,5050,2020,00ff,
H302 00ff,888c,0008,c0c0,6060,00ff,00ff,c0c0,6060,00ff,00ff,446f,0004,ffff,9090,00ff,
H303 00ff,ffff,9090,00ff,00ff,668f,0006,3030,3030,00ff,00ff,3030,3030,00ff,00ff,888f,
H304 000f,ffff,ffff,00ff,00ff,ffff,ffff,00ff,00ff,333f,0003,8080,8080,00ff,00ff,8080,
H305 8080,00ff,00ff,668f,0006,0000,ffff,0000,0011,0000,0000,0000,0000,0102,0203,0026,
H306 0000,0001,000c,000c,000c,000c,000c,000c,000c,000c,0002,0002,0002,0002,ab93,6889,
H307 4446,4444,0002,0014,0014,0014,0014,0014,0014,0014,0014,0002,0002,0002,0002,ab93,
H308 6889,4446,4444,0002,0014,0014,0014,0014,0014,0014,0014,0014,0004,0004,0004,0004,
H309 ab93,6889,4446,4444,0002,0020,0020,0020,0020,0020,0020,0020,0020,0008,0008,0008,
H30a 0008,ab90,6889,4446,4444,0002,0028,0028,0028,0028,0028,0028,0028,0028,000b,000b,
H30b 000b,000b,ab90,6889,0000,0000,0000,0010,0010,0010,0010,0010,0010,0010,0010,0004,
H30c 0004,0004,0004,8864,aa88,ccaa,ffcc,000f,0010,0010,0010,0010,0010,0010,0010,0010,
H30d 0004,0004,0004,0004,8864,aa88,ccaa,ffcc,000f,0306,0506,0101,0504,0804,0001,0000,
H30e 0028,0028,0028,0028,0028,0028,0028,0028,000b,000b,000b,000b,ab90,6889,0000,0000,
H30f 0000,0000,0000,0000,0000,0000,0000,0000,1010,1010,ffff,000f,18ff,0001,18ff,0001,
H310 0001,0000,0000,0000,0000,ffff,0010,0000,0180,0000,0000,0000,0000,0000,0000,0000,
H311 0000,0000,0000,0000,0020,0020,0020,0020,0001,8000,48ff,0024,0000,0000,0000,0001,
H312 0080,0080,0080,0080,8000,48ff,0024,0000,0000,011b,0125,0048,0018,000c,000c,0000,
H313 0116,0120,0280,0300,0018,0038,0018,000c,0006,000c,0000,0180,0300,00e0,000f,0000,
H314 0000,0258,0bb8,0000,00e0,000f,0000,0018,0018,0018,0018,ffff,bdff,789a,1246,0000,
H315 8080,a080,ffc0,d4ff,80a6,4060,aa55,ffff,ffff,0000,0000,dcc8,0000,0f05,2319,132d,
H316 1000,3e26,6a54,a690,d0bc,ffe8,8080,8080,8080,8080,8080,8080,0000,0000,0000,0000,
H317 0000,0000,0000,0000,0000,0000,0000,0000,3c32,190a,1e0c,0528,140a,1e14,ff00,0000,
H318 0000,000c,1010,1010,1010,1010,1810,1818,0c08,000e,0000,0001,00ff,1110,1312,1514,
H319 1716,1718,1516,1314,1112,8010,1040,0000,0000,0300,0102,0101,0000,1000,1010,1010,
H31a 1010,1010,0000,0000,0000,0000,0100,01ff,00c0,0080,0080,0080,0080,0080,0080,0080,
H31b 0404,0504,0505,0706,0408,0404,0505,0605,0807,0404,0504,0505,0706,1808,1818,1010,
H31c 0010,0000,0000,0000,0000,0000,0000,0000,0000,0000,0000,0000,0000,0000,0000,0000,
H31d 5555,5555,5555,5555,3333,2222,3333,2222,3333,1111,3333,1111,3333,0000,3333,0000,
H31e 0000,0fc1,0232,0400,0c08,1010,1010,0008,0642,0886,0888,2020,1820,1818,1010,ffff,
H31f 0000,0000,0000,0000,0000,0000,0000,0000,0000,0000,0000,0000,0000,0000,0000,0000,
H320 0780,021c,003e,000c,0780,021c,003e,000c,02d0,00f0,0020,000c,00c8,0040,0064,0028,
H321 0500,0168,003e,000c,02d0,0120,0020,000c,000e,03a2,000d,0200,0004,03a6,0006,0210,
H322 0008,026d,0009,0155,000a,0154,000a,0110,0009,0157,0006,00e4,0000,03c0,0000,021d,
H323 0000,0280,0000,0168,0001,0167,0000,011f,0000,0168,0000,00f0,0000,03c0,0000,021d,
H324 0000,0168,0000,00f0,0000,0168,0000,0120,0000,03a6,0006,0210,0000,03a6,0006,0210,
H325 0000,0280,0000,0168,0013,0398,000a,020a,0004,03a6,0006,0210,0009,026c,0005,015d,
H326 0000,0280,0000,0168,0000,03c0,0000,021c,0000,0000,0000,0000,0000,0000,0000,0000,
H327 0280,0280,0000,0001,0000,0001,0280,0280,0001,0001,0001,0001,0001,0001,0001,0001,
H328 0001,0001,0001,0001,0000,0000,0000,0000,0000,0000,0000,0000,0000,0000,0000,0000,
H329 0000,0000,0000,0000,0000,0000,0000,0000,0000,0000,0000,0000,0000,0000,0000,0000,
H32a 0000,0000,0000,0000,0000,0000,0000,0000,0000,0000,0000,0000,0000,0000,0000,0000,
H32b 0000,0000,0000,0000,0000,0000,0000,0000,0169,00f0,001e,0028,0030,0024,002d,001e,
H32c 0169,00f0,001e,0028,0048,0034,0042,002c,0169,00f0,001e,0014,0030,0024,002d,001e,
H32d 0169,00f0,001e,001e,0048,0038,0042,002c,0169,00f0,001e,002b,0060,004d,005a,003c,
H32e 0169,00f0,001b,0056,006c,0044,005a,003c,0169,00f0,001b,0056,006c,0044,005a,003c,
H32f 0168,00f0,002b,002c,0060,004c,004e,0034,0000,0000,0000,0000,0000,0000,0000,0000,
H330 00cc,00cc,00cc,00cc,00cc,00cc,00cc,00cc,00e6,00e6,00e6,00e6,0099,0099,0099,0099,
H331 00cc,00cc,00cc,00cc,0099,0099,0099,0099,0034,0019,0054,00cc,0034,0019,0068,00cc,
H332 0034,0019,004d,00cc,0034,0019,004d,00cc,0013,000e,0052,006b,0013,000e,0052,006b,
H333 0099,0099,0099,0099,00e6,00e6,00e6,00e6,0000,0000,0000,00cc,0140,0001,0000,0000,
H334 005d,0002,0002,0000,0000,0000,0000,0000,0000,0001,0000,0000,0000,0000,011b,0118,
H335 0000,0000,0000,0000,0000,0000,0000,0000,0000,0000,0000,0000,0000,0000,0000,0000,
H336 0000,0020,0001,0000,0000,0000,0000,0000,0000,0000,0000,0000,0000,0000,0000,0000,
H337 0000,0000,0000,0000,0000,0000,0000,0000,0000,0000,0000,0000,0000,0000,1194,2000,
H338 0002,00cc,00cc,0000,0000,0000,00e6,0200,0001,0035,00cc,00cc,00cc,0099,00cc,00cc,
H339 2000,2000,2000,2000,005e,002c,000c,000c,0000,f000,f000,2000,f000,0000,0000,0000,
H33a 000a,0000,0000,0000,0000,0000,0000,0000,0000,0000,0000,0000,0000,0000,0031,0400,
H33b 0011,0011,0033,0000,0000,0000,0000,0000,0000,0000,0022,0011,0000,0000,0011,1122,
H33c 0000,00dd,0200,0200,0200,0200,0001,00dd,0280,0280,0280,0280,0001,00ff,0300,0300,
H33d 0300,0300,0001,00dd,0300,0300,0300,0300,0000,0000,0000,0000,0000,0000,0000,0000,
H33e 0000,0000,0000,0000,0000,0000,0000,0000,0000,0000,0000,0000,0000,0000,0000,0000,
H33f 0000,0000,0000,0000,0200,0200,0000,0000,0000,0000,0000,0000,0000,0000,0000,0000,
H340 1000,0000,0001,0000,0080,0000,0100,0000,0200,0000,0000,0001,0400,0000,0004,0000,
H341 0002,0000,0000,0000,0000,0000,0000,0000,0000,0000,0000,0000,0000,0000,0000,0000,
H342 036b,06a5,0980,0be6,0000,0000,0000,0000,0dd2,0050,00c8,0000,0000,0000,0000,0000,
H343 0070,00a0,0100,0140,0140,0140,0140,0140,0140,0003,0005,0000,0000,0000,0000,0000,
H344 0000,0000,0000,0000,0000,0000,0000,0000,0000,0000,0000,0000,0000,0000,0000,0000,
H345 0000,0200,0000,0000,0000,0000,0000,0000,0800,0000,0200,0000,0000,0000,0000,0000,
H346 03dc,0657,0bfe,118b,0000,0000,0000,0000,10d2,0000,0000,0000,0000,0000,0000,0000,
H347 fbe7,f99f,f5d4,f33a,0000,0000,0000,0000,f3e6,0000,0000,0000,0000,0000,0000,0000,
H348 04e4,075f,0d07,1294,0000,0000,0000,0000,11da,0000,0000,0000,0000,0000,0000,0000,
H349 fadf,f896,f4cb,f231,0000,0000,0000,0000,f2de,0000,0000,0000,0000,0000,0000,0000,
H34a 036b,f9a5,052a,0070,0003,0010,00a0,0000,0000,0000,0000,0000,0000,0000,0000,0000,
H34b 0000,0000,0000,0000,0000,0000,0000,0000,0000,0000,0000,0000,0000,0000,0000,0000,
H34c 0000,0000,0000,0000,0000,0000,0000,0080,00d0,0140,0060,0090,00e0,010b,010b,0108,
H34d 0000,0000,0000,0078,0000,0010,0018,0078,0000,0000,0000,0000,0000,0000,0000,0000,
H34e 0000,0000,0000,0000,0000,0000,0000,0000,0000,0000,0000,0000,0000,0000,0000,0000,
H34f 0000,0000,0000,0000,0000,0000,0000,0001,2000,0002,0008,0004,0000,0000,0000,0008,
H350 00b0,00b0,00b0,00b0,00b0,00b0,00b0,00b0,8888,88cc,5577,1122,0000,0016,0016,0016,
H351 0016,0016,0016,0016,0016,ea63,ccdd,accc,789a,0006,0000,0000,0000,0000,0000,0000,
H352 0000,0000,0000,0000,ffff,ffff,00ff,00ff,333f,0003,8080,8080,00ff,00ff,668f,0006,
H353 0a0a,0a0a,0a0a,0a0a,1212,1212,1212,1212,2020,2020,2020,2020,6060,6060,6060,6060,
H354 c0c0,c0c0,c0c0,c0c0,ffff,ffff,ffff,ffff,8080,8080,8080,8080,ffff,ffff,8080,8080,
H355 0000,0000,0000,0000,0000,0000,0000,0000,0000,0000,0000,0000,0000,0000,0000,0000,
H356 03c0,021c,0044,0072,0094,006c,0090,0050,0280,0168,0046,0052,0048,0024,002c,0020,
H357 03c0,021c,0044,0072,0070,0051,0068,003c,03c0,021c,0090,007a,0100,00a2,00a0,005a,
H358 03c0,021c,0044,0072,0058,003f,0050,002c,8888,f010,3e3e,f010,3e3e,f010,0000,0000,
H359 0168,00f0,002b,002c,0060,004c,004e,0034,0168,00f0,002b,002c,0060,004c,004e,0034,
H35a 0169,00f0,001f,0020,002b,001c,0027,001a,0169,00f0,001b,002a,006c,0044,005a,003c,
H35b 003e,000c,0780,0438,003e,000c,0500,02d0,0020,000c,02d0,01e0,0020,000c,02d0,0240,
H35c 0b40,0870,0cb0,0870,0c00,06c0,0a00,0780,0b00,0758,0c00,06c0,0018,0018,0780,0438,
H35d 0170,00f0,0020,0008,0170,0120,0020,0008,0010,0010,0008,0078,0010,0020,0040,0006,
H35e 0200,0156,0010,0002,0200,019c,0010,0002,0490,00b0,0020,029c,0090,0016,00b0,0000,
H35f 0000,0000,0000,0000,0490,036c,0020,0000,0000,0016,0021,009c,009c,0004,0000,0002,
H360 0000,0000,0000,0001,0000,0001,0000,0000,0000,0000,0000,0001,0000,0001,0000,0000,
H361 0000,0000,0000,0001,0000,0001,0000,0000,00a0,00a0,0000,0001,0000,0001,00a0,00a0,
H362 00c0,00c0,0000,0001,0000,0001,00c0,00c0,0120,0120,0000,0001,0000,0001,0120,0120,
H363 0180,0180,0000,0001,0000,0001,0180,0180,0180,0180,0000,0001,0000,0001,0180,0180,
H364 0180,0180,0000,0001,0000,0001,0180,0180,0180,0180,0000,0001,0000,0001,0180,0180,
H365 0180,0180,0000,0001,0000,0001,0180,0180,0180,0180,0000,0001,0000,0001,0180,0180,
H366 0180,0180,0000,0001,0000,0001,0180,0180,0000,0000,0000,0001,0000,0001,0000,0000,
H367 00a0,00a0,0000,0001,0000,0001,00a0,00a0,0180,0180,0000,0001,0000,0001,0180,0180,
H368 0000,0000,0000,0001,0000,0001,0000,0000,0020,0020,0000,0001,0000,0001,0020,0020,
H369 0040,0040,0000,0001,0000,0001,0040,0040,01a0,01a0,0000,0001,0000,0001,01a0,01a0,
H36a 0001,0001,0001,0001,0001,0001,0001,0001,0001,0001,0001,0001,0808,0fff,0fff,0fff,
H36b 0fff,0004,0004,0000,0000,0000,0000,0004,0004,000a,000a,0000,0000,0000,0000,000a,
H36c 000a,0010,0010,0000,0001,0000,0001,0010,0010,0020,0020,0000,0001,0000,0001,0020,
H36d 0020,0040,0040,0000,0001,0000,0001,0040,0040,0080,0080,0000,0001,0000,0001,0080,
H36e 0080,0100,0100,0000,0001,0000,0001,0100,0100,0001,0001,0001,0001,0001,0001,0001,
H36f 0001,0001,0001,0001,0001,0808,0fff,0fff,0fff,0fff,0000,0000,0000,0000,0000,0000,
H370 0003,0003,06b9,06c9,025d,0000,0000,0000,0285,0000,0260,0000,0000,0000,0080,0008,
H371 0200,00c8,0010,000a,0000,0007,0004,0020,0016,0000,0200,000a,07d0,0020,0060,0000,
H372 0120,0120,0080,0080,0100,0100,0060,0070,014d,0157,014d,0157,0000,0000,003c,01d0,
H373 0169,00f0,001e,0028,0033,0020,002b,001c,0169,00f0,001d,0028,0034,0020,0021,001d,
H374 0169,00f0,001e,0028,0048,0038,0042,002c,0169,00f0,0016,0028,0052,0034,0037,0031,
H375 0040,0040,00a8,00a8,0084,0080,0030,0030,0030,0050,0040,0030,c0c0,0000,c0c0,0000,
H376 a0a0,50b0,0080,0080,0080,0080,0060,0060,0064,0064,0064,0064,0050,0050,0000,0004,
H377 0000,0000,0010,0000,0008,0006,000a,0004,0169,00f0,0018,0011,0048,002c,003c,0028,
H378 0000,0000,0000,0000,0000,0000,0000,0000,0169,00f0,0039,0011,003b,002c,002d,0028,
H379 004b,0004,0048,0113,0148,004b,000a,0060,0110,0136,0066,002e,006b,0102,0180,0000,
H37a 0169,00f0,001f,0020,002b,001c,0027,001a,0169,00f0,001f,001f,002b,001c,0027,001a,
H37b 0169,00f0,001b,002a,006c,0044,005a,003c,0169,00f0,0035,002a,0064,0044,0043,003c,
H37c 0169,00f0,0022,0020,0031,0034,002d,001e,c0c0,0000,7070,0000,0000,0001,0200,0180,
H37d 0168,00f0,006a,0028,004a,0032,0048,0030,0168,00f0,006a,0029,0049,0032,0047,0031,
H37e 0169,00f0,0023,0021,0031,0034,002b,001c,00ef,0000,0000,0000,0000,0000,0000,0000,
H37f 032d,018c,024f,0204,0451,03c8,0454,0292,014d,014d,014d,014d,029a,029a,029a,029a,
H380 0077,0077,0077,0077,0077,0077,0077,0077,0077,0077,0077,0077,0077,0077,0033,0033,
H381 0033,0033,0033,0033,00c3,00c3,0000,0000,0000,0000,0000,0000,0000,0000,0000,0000,
H382 0000,020c,01f9,01db,01d4,01d4,01db,01db,0200,01db,01c7,01e7,01d4,0001,0032,001e,
H383 000e,0217,0217,000a,0000,0008,0008,000a,0111,0111,028d,0174,0000,0000,0000,0000,
H384 0000,0000,0000,0000,0000,0000,0000,0000,0000,0000,0000,0000,0000,0000,0000,0000,
H385 0001,5555,5555,0025,0027,001d,0028,002e,0026,0013,0008,0000,0000,0000,0000,0000,
H386 0000,0060,0060,001c,001c,06a4,076c,0640,0708,0000,0000,0004,0089,0000,0000,02e0,
H387 1000,0010,0022,0022,0000,0000,0030,0066,1000,0001,0002,0040,0000,0000,0000,0000,
H388 1018,0000,1018,05c0,0017,4054,02e0,01e0,0000,0024,0000,0000,0000,0000,0000,0002,
H389 0001,5555,5555,0024,0016,0018,0013,0012,0012,000a,0007,0000,0000,0000,0000,0000,
H38a 0001,5555,5555,002b,001d,0018,0022,0029,0028,001f,000e,0000,0050,018e,012c,3116,
H38b 0050,0060,0000,0000,001c,0060,0000,0000,300f,3260,33fd,39fd,3a0f,342d,342d,342d,
H38c 0060,0060,0060,0060,0060,0060,0060,0060,0060,342c,342b,342a,0000,0019,0000,0000,
H38d 0000,0064,012c,01f4,02bc,0384,044c,0514,05dc,0001,00c8,0190,0258,0320,03e8,04b0,
H38e 0578,7fff,0002,0008,000d,0014,0019,001c,001c,001c,001c,3429,0000,0000,0000,0000,
H38f 0000,0000,0000,0000,0000,3428,0000,0000,0000,0000,0000,0000,0000,0000,0000,3426,
H390 000b,0184,0340,0407,055c,068e,0798,0800,0900,0b01,0c06,0d40,0e50,0f40,1020,1140,
H391 1200,1300,1600,2f23,3099,3114,3211,3310,340d,350d,360b,370b,3807,3903,3a00,3b01,
H392 8f11,9500,9700,9a02,ac1c,ad17,ae0b,af09,b004,b101,b200,b300,b402,b500,b600,b700,
H393 051c,051c,0214,051c,0007,019a,0340,0407,055c,068e,0798,0800,0b00,0c06,0d40,0028,
H394 000b,01ae,0340,0407,055c,068e,0798,0800,0b00,0c06,0d40,0e50,0f40,102a,1140,1300,
H395 1604,1744,1831,1942,1a43,3c34,3d25,3e44,3f54,8043,8154,2f6d,9504,9700,9a02,0000,
H396 0000,0000,0000,0000,0000,0001,0000,0c06,a100,af00,051c,0e50,00aa,0000,000a,0002,
H397 0003,0017,000c,0015,0018,0046,004b,0000,0001,0000,0002,0002,0066,00e5,0003,0000,
H398 0002,0001,0001,0010,0000,0000,0058,0028,0058,0000,0000,0058,0000,0080,0000,0060,
H399 0000,0000,0000,002d,001f,0022,0028,0024,002a,0016,000e,0000,0000,0000,002d,001f,
H39a 0022,0028,0024,002a,0016,000e,0000,0000,0000,002d,001f,0022,0028,0024,002a,0016,
H39b 000e,0f40,102a,1140,1601,17de,1877,1988,1a6b,1b03,2f61,9500,9a03,aa23,af04,0000,
H39c 0384,0438,0528,0708,0000,0000,0503,0409,0018,0014,0010,000c,0000,0000,8693,0000,
H39d 8693,8700,8b96,0000,0011,00c9,0042,0020,0011,00c9,0042,0020,0011,00c9,0042,0020,
H39e 0001,0000,0040,0058,0000,0000,0058,0000,0058,0000,0000,0058,0000,0000,0000,0000,
H39f 0000,0000,0000,0000,0003,0003,0004,0004,0003,0003,0003,0003,0000,0000,0006,0004,
H3a0 0410,0410,0500,0500,1004,2012,2104,2200,2300,2395,2403,25b5,25bf,261b,2623,8e80,
H3a1 90ff,a007,a10d,a20e,a30d,a40e,a50d,a60e,a77f,a87f,a97f,aa7f,ab7f,ac7f,b0a0,b1a0,
H3a2 b2a0,b34e,b448,b52d,b625,b722,b81d,b91d,ba14,bb70,be20,ce20,de20,0000,0190,01f4,
H3a3 0399,018e,0100,0001,0001,034c,0002,0001,0003,0002,000b,0000,0000,0000,000c,0010,
H3a4 0410,0410,0500,0500,1004,2012,2108,2200,2300,2395,2403,25b5,25bf,261b,2623,8e80,
H3a5 90ff,a007,a10d,a20e,a30d,a40e,a50d,a60e,a77f,a87f,a97f,aa7f,ab7f,ac7f,b0a0,b1a0,
H3a6 b2a0,b34e,b448,b52d,b625,b722,b81d,b91d,ba14,bb70,be20,ce20,de20,3fff,0000,abcd,
H3a7 0000,0053,0108,01ad,0252,0308,03ad,03ad,03ad,0400,0008,0000,01f4,0190,05dc,0514,
H3a8 0000,0074,0148,0213,02d8,039d,028a,01f8,01da,01a5,01a1,01a1,01b9,01b9,01da,01a8,
H3a9 0190,01bd,01a1,0001,000f,001e,0004,01f6,01da,0082,0118,0003,0001,001c,002c,0003,
H3aa 000a,0002,000e,000a,000a,008b,01f4,0000,000a,000a,0053,00f8,019d,0242,02e7,038c,
H3ab 0003,0000,01b3,01cc,0064,022d,0000,0005,0005,003c,01c2,012c,020f,000a,0064,037b,
H3ac 0294,0262,023a,0221,0213,01fe,0238,01f2,0045,002d,023e,01c2,0048,01f7,0221,01f7,
H3ad 01e7,01e7,01e7,0024,02a2,0276,0253,0214,0205,0045,0244,020a,0000,000b,0230,01c2,
H3ae 0221,0259,0221,02fd,0295,0262,024e,0240,0285,0272,0200,0043,0044,026b,01c2,017b,
H3af 0007,0082,0041,0238,0000,027e,0123,0120,0000,0082,0118,006e,ff92,0096,ff72,026f,
H3b0 0100,ff00,ef00,ec00,e800,e500,e100,de00,dc00,da00,d700,d400,d200,cf00,ca00,c900,
H3b1 c400,c200,c000,be00,db00,d800,d500,d300,cd00,c500,ba00,b400,aa00,8f00,7300,4700,
H3b2 f6f0,f2e0,e6e0,e0d1,d6a3,d4a3,d1a3,cfa3,cda3,c8a3,c6a3,c2a3,c1a3,bfa3,baa3,c1a2,
H3b3 b3a3,e5d0,d4d1,c7c1,bfc1,bac1,b3b2,a1a2,62c1,e3f0,ccf1,b8f2,a1e3,8ce3,73e4,5de3,
H3b4 39f2,eeff,e6ff,d3ff,b7fe,a6fe,75fe,74fd,53fe,e30f,de0f,d20f,bf0f,b30f,871f,6b1f,
H3b5 591f,604e,644e,644e,773e,952f,b01f,c51f,d60f,d61c,4b0f,4b3e,0100,0100,0100,3f0f,
H3b6 802d,550f,5d0f,880f,7e3b,281e,741a,b8fe,66ed,46ed,c4b2,afb3,afc3,cee1,75d4,17f0,
H3b7 3be3,27e3,46e5,32e3,3ce4,42e4,5ae5,5ae4,65e4,6ae4,72e4,4100,2a00,1e00,0f00,0000,
H3b8 0100,ff00,ef00,0200,0400,0800,0d00,1000,1400,1a00,1e00,d400,2000,2400,2700,2b00,
H3b9 2f00,3200,c000,3600,3900,3c00,4200,4500,cd00,c500,4900,b400,aa00,8f00,7300,4700,
H3ba c290,adc0,6dd0,a010,8411,5c21,2521,3921,4f14,eb00,cd01,6e13,b901,a302,8a14,8c03,
H3bb 793b,a4e2,9be2,ca00,bf00,dcef,c8cf,adcf,d50e,ad1d,7f2a,6a2b,c102,a903,65e4,51e5,
H3bc 0000,0000,0000,0000,0000,0000,0000,0000,0000,0000,0000,0000,0000,0000,0000,0000,
H3bd 0000,0000,0000,0000,0000,ffff,ffff,00ff,ff00,00ff,00ff,00ff,ffff,0000,0000,0fff,
H3be 0f0f,a7a7,95a7,9595,7676,6276,6262,4545,3145,3131,1111,0f11,0f0f,e400,e800,0000,
H3bf 0000,ef00,efef,ffff,0eff,dc21,e0e0,80e0,8080,7070,2870,5b44,9580,71ce,a98c,0000,
H3c0 bcb2,beb2,c8a2,8fd1,b2f0,73e4,b6e4,aee4,a6e4,9ee4,96e4,8ee4,86e4,7fe4,7fe3,8cf2,
H3c1 9ae2,a7e2,b2f2,bbf1,caf1,d9f1,e6f0,ddf0,f1f0,5b1f,701f,6d1f,671f,611f,5f1f,591f,
H3c2 d61c,650f,840f,910f,b70f,a80f,bf0f,d40f,ce00,8000,0000,0000,0000,0000,0000,0000,
H3c3 e4e1,e9f0,a1d1,afd2,cae1,daf0,b5e1,a0f0,d6f1,d3f1,edf0,f3f0,c7f1,67e4,1ef0,c4e1,
H3c4 a9d2,95f0,d0e1,39e3,bff1,dbf1,bfe1,9fd2,3ae0,23e0,87e5,22e0,32e0,b9e1,e5f0,e0f0,
H3c5 f6f0,f2e0,e6e0,e0d1,cea2,cca2,caa2,c9a2,c7a2,c4a2,c3a2,c0a2,bfa2,bea2,baa2,c1a2,
H3c6 b3a2,e5d0,d4d1,c7c1,bfc1,bac1,b3b2,a1a2,62c1,e3f0,a5a3,b8f2,51e5,8ce3,73e4,5de3,
H3c7 00c4,00cb,0121,0125,8f00,8d00,8400,0000,0000,0000,0000,0000,0000,0000,0000,0000,
H3c8 39f2,58e4,e6ff,7ffd,b7fe,63ff,3afe,74fd,53fe,501f,4b0f,3c0f,2e0f,400f,871f,6b1f,
H3c9 0000,0100,ff00,fc00,f900,f600,f300,f000,ec00,e600,e100,dd00,d500,ce00,c900,c500,
H3ca bb00,b600,a900,a100,9a00,9400,8900,8700,8400,8300,8100,7f00,7c00,7a00,7900,7700,
H3cb 7400,7200,7100,6f00,6c00,6a00,6800,6700,6500,6200,6000,5f00,5d00,5a00,5800,5700,
H3cc 5500,5300,5100,4e00,4c00,4b00,4900,4700,4500,4200,4100,3f00,3d00,3a00,3800,3600,
H3cd 3400,3300,3000,2f00,2c00,2b00,2900,2700,2500,2300,2100,1e00,1d00,1b00,1800,1700,
H3ce 1500,1200,1000,0f00,0c00,0b00,0900,0600,0500,0300,0100,0000,0000,0000,0000,0000,
H3cf 0000,0000,0000,0000,0000,0000,0000,0000,0000,0000,0000,0000,0000,0000,0000,0000,
H3d0 a71f,802d,7e3b,281e,741a,561c,4a0c,3f0d,c4b2,afb3,afc3,cee1,75d4,27e3,46e5,32e3,
H3d1 3ce4,42e4,5ae5,5ae4,6ae4,72e4,4100,2a00,1e00,0f00,c21e,d81e,db1f,281e,462d,572c,
H3d2 211e,401e,671f,900f,bc0f,a8b0,c2c0,d5d0,e6e0,f1f0,2000,3000,3300,7c00,8100,8300,
H3d3 5016,6c05,8b04,a303,ba02,ca01,d401,db00,e000,e800,0000,0000,0000,0000,0000,0000,
H3d4 0000,015d,0000,010e,0000,015d,0000,010e,0000,015d,0000,010e,0000,0000,0169,00f0,
H3d5 0000,0169,0001,00f0,0000,0169,0001,00f0,0000,0169,0000,0120,0000,0169,0000,0120,
H3d6 0000,0168,0000,00f0,0000,0169,0001,00f0,0000,0169,0000,0120,0000,0169,0000,0120,
H3d7 0000,0169,0000,00f1,0000,0000,0168,0000,00ff,0000,0000,0000,6060,e747,3e3e,f010,
H3d8 0000,0169,0000,0120,0000,0168,0000,011b,0000,0000,0000,0000,0000,0000,0000,0000,
H3d9 02d2,00f0,0020,000d,02d2,00f1,001c,000c,02d2,0120,0020,000d,02d2,0120,001a,000e,
H3da 0020,000d,0020,000d,0020,000d,0020,000d,0020,000d,0020,000d,0000,0000,0000,0000,
H3db 0021,0021,008c,00ad,0008,0020,0021,008e,00d5,0007,0036,001a,007c,00bb,0004,0000,
H3dc 0574,010e,0050,000b,02d0,00f0,00a8,0096,02d2,0040,0020,005e,0000,0000,0000,0000,
H3dd 591f,604e,422f,872f,773e,952f,b01f,c51f,a30f,d61c,435e,4b3e,490f,49f0,39f0,0000,
H3de 0061,0035,0029,001b,0061,00a4,0029,001b,00df,00a4,0029,001b,00df,0035,0029,001b,
H3df 0000,0000,0000,0000,0000,0000,0090,0024,0010,0010,0000,00d0,006c,008a,007a,0000,
H3e0 000c,01fa,004d,0126,01d0,0300,0350,04b0,0000,0000,0000,0000,0000,0010,0000,0000,
H3e1 ffff,0000,0002,0000,ffff,0000,0000,0000,ffff,0000,0002,0000,0000,0000,0000,0000,
H3e2 0000,0000,0000,0000,0000,0000,0000,0000,0000,0000,0000,0000,0000,0000,0000,0000,
H3e3 0040,003f,005a,0071,00a0,00a0,0013,0011,0016,0018,002a,002a,0050,004f,006a,0081,
H3e4 0100,0100,0016,0014,0019,001b,003d,003d,0040,0040,0040,0040,0050,0000,0000,0000,
H3e5 005a,005a,0050,0050,0000,0000,0000,0000,005a,005f,005a,0050,0000,0000,0000,0070,
H3e6 8002,004b,0019,0000,0000,0480,0480,0d80,0000,0480,0480,0000,0900,0480,0480,0d80,
H3e7 0900,0480,0480,0530,0300,0480,0480,0001,0000,0000,0000,0000,0000,0096,0000,0003,
H3e8 0020,0000,0000,0004,0004,0004,0000,0004,025c,025c,025c,025c,0000,0000,0000,0000,
H3e9 0003,0807,0203,0000,0000,0001,0003,0006,0000,0000,0019,000a,0203,0002,0000,0002,
H3ea 02d0,00f0,0020,000d,02d0,00f0,0020,000d,02d0,00f0,0020,000d,02d0,00f0,0020,000d,
H3eb 00fe,01fe,0032,0000,0240,00c4,0240,00c4,0000,0000,0000,0000,0004,0221,0229,031c,
H3ec 0020,000c,02d0,01e0,0020,000e,02d0,0240,0240,0188,0000,01cc,0240,0240,0240,0240,
H3ed 0032,1194,5e24,0000,0064,00c8,0000,506e,8caa,c8e6,3250,6e8c,aac8,0000,0000,0000,
H3ee a980,a9bb,5680,5645,10e0,14a0,0032,002d,0032,002d,0005,0009,160b,0001,0000,0000,
H3ef 0000,000b,0000,2026,3616,3adb,2cf0,10c1,ef3f,d310,c525,c9ea,dfda,0000,0000,0000,
H3f0 0000,000c,0001,0000,0000,0000,0000,0000,0000,0000,0000,0000,0000,0000,001e,0000,
H3f1 0169,00f0,001e,0028,004c,0035,0047,0031,0169,00f0,001e,0028,0033,0020,002b,001c,
H3f2 001a,0035,003c,0028,0004,001a,0029,0031,0046,003c,0028,0004,001d,0042,00c0,0000,
H3f3 03ff,0000,03ff,0000,03ff,0000,0020,00b0,0010,0014,0014,0000,0000,0000,0000,0000,
H3f4 4422,0e34,2146,3210,0228,0212,7979,0000,0001,0001,0122,2b19,083e,000a,0c00,0000,
H3f5 0000,0000,0002,0004,0000,fffc,ffd3,0000,0001,fffe,ffd0,0000,0001,fffe,0000,0000,
H3f6 0001,0000,0000,0004,0000,0000,0000,0000,0000,0000,0000,0000,0000,0000,0000,0000,
H3f7 0021,000a,0001,0012,000a,0000,0001,0028,000a,0001,0019,000a,0000,0000,0000,0000,
H3f8 6150,616e,6f73,696e,0063,0000,0064,0014,4d44,2d43,4846,3031,0000,0000,0000,0000,
H3f9 505f,4e41,0041,0000,4150,414e,0000,0000,5346,3035,005f,0000,554c,494d,0058,0000,
H3fa 505f,4e41,0000,0003,0000,0000,0000,0000,0046,ffc4,ffa6,00a0,003c,0001,0000,0004,
H3fb 0004,0002,0002,0002,0002,3960,44b0,dec4,04cb,0000,0000,0000,0000,0000,0000,3960,
H3fc 44b0,dec4,04cb,0000,0000,0000,0000,0000,0000,07d0,0000,0000,0000,00ff,0000,0000,
H3fd d562,320e,d740,356e,d740,3777,06a0,0b50,06a0,0b50,06a0,0b50,3bb6,05db,70a0,0fb0,
H3fe dcd0,0e95,de5e,2196,de5e,21c7,dcd0,23e8,dcd0,243a,3960,04b0,3960,04b0,3960,04b0,
H3ff 001e,00c8,8000,1000,07d0,001e,00fa,001e,001e,00c8,00c8,0001,0000,6000,0f00,0000,
H400 0003,0214,0340,040b,0403,060e,0798,0800,0903,0a1b,0c06,0d40,0e40,0f40,1020,1140,
H401 157f,2412,251c,260b,2702,2822,291f,2a16,2b19,2c02,2d0a,2e16,2f0c,300c,3123,322e,
H402 330e,340e,3517,360e,3709,3800,3909,3a06,3b0f,3c0f,3d27,3e23,3f0e,8004,811d,8222,
H403 830b,840b,8508,8609,8701,8808,890e,8a13,8b10,8c10,8d29,8e1d,9607,9702,a102,0002,
H404 0001,0001,0010,0001,0028,0020,0029,0027,002a,0021,0017,000e,0028,0020,0029,0027,
H405 002a,0021,0017,000e,0028,0020,0029,0027,002a,0021,0017,000e,0002,0001,0001,0010,
H406 0001,0028,0023,002a,0029,0029,0021,0015,000b,0028,0023,002a,0029,0029,0021,0015,
H407 000b,0028,0023,002a,0029,0029,0021,0015,000b,0002,0001,0001,0010,0001,0029,0019,
H408 0023,0028,002a,0028,0018,0011,0029,0019,0023,0028,002a,0028,0018,0011,0029,0019,
H409 0023,0028,002a,0028,0018,0011,940a,9500,bb0d,be00,0000,0000,0000,0000,0000,0000,
H40a 0100,0000,0220,0100,07a9,0700,0100,0250,0000,0001,0000,0000,0000,0000,0000,0000,
H40b 0100,0000,0220,0100,07a9,0700,0100,0200,0000,0001,0000,0000,0000,0000,0000,0000,
H40c 0100,0000,0210,0100,07a9,0700,0100,0200,0000,0001,0000,0000,0000,0000,0000,0000,
H40d 0100,0000,0220,0100,0780,0700,0100,0200,0000,0001,0000,0000,0000,0000,0064,0000,
H40e 0001,0002,0000,00ff,0305,00b4,00b4,0050,0000,0016,001e,0dac,01cc,0ca4,0001,0003,
H40f 0001,0010,0001,0010,0300,00b4,00b4,003b,002b,0016,000d,000f,0000,0000,0001,0000,
